PLANETARY PERTURBATIONS. TABLE 1. LATITUDE/T
  0  0  0  0  0  0  0  0  1  0  0  73.43578   0.00010     0.081
  0  0  0  0  0  0  0  0  2  0 -1 277.11719   0.00005     0.088
  0  0  0  0  1  0  0  0 -2  0  1 300.69188   0.00004     0.089
  0  0  0  0  1  0  0  0  0  0 -1 354.55159   0.00001     0.075
  0  0  0  0  1  0  0  0  0  0  1 354.55159   0.00001     0.074
  0  0  0  0  1  0  0  0  1  0  0   4.02418   0.00006     0.080
  0  0  0  0  1  0  0  0  2  0 -1 300.72270   0.00004     0.088
  0  0  0  0  2 -5  0  0 -2  1 -1 259.58132   0.00001     0.040
  0  0  0  0  2 -5  0  0  0 -1 -1  78.69282   0.00006     0.037
  0  0  0  0  2 -5  0  0  0 -1  1  79.58132   0.00005     6.038
  0  0  0  0  2 -5  0  0  0  0 -1 270.67200   0.00002     0.074
  0  0  0  0  2 -5  0  0  0  0  1 270.67200   0.00002     0.075
  0  0  0  0  2 -5  0  0  0  1 -1  79.58132   0.00005     5.956
  0  0  0  0  2 -5  0  0  0  1  1  78.69282   0.00006     0.037
  0  0  0  0  2 -5  0  0  2 -1  1 259.58132   0.00001     0.040
  0  0  0  0  2  0  0  0  1  0  0  55.07650   0.00002     0.080
  0  0  0  1  0  0  0  0 -2  0  1 302.93944   0.00003     0.093
  0  0  0  1  0  0  0  0 -1  0  0 294.37462   0.00005     0.084
  0  0  0  1  0  0  0  0 -1  0  2 114.37462   0.00005     0.067
  0  0  0  1  0  0  0  0  0  0 -1 120.03140   0.00003     0.078
  0  0  0  1  0  0  0  0  0  0  1 120.03140   0.00003     0.072
  0  0  0  1  0  0  0  0  1  0 -2 230.49656   0.00003     0.072
  0  0  0  1  0  0  0  0  1  0  0  12.94819   0.00004     0.078
  0  0  0  2  0  0  0  0 -1  0  0 159.71687   0.00002     0.088
  0  0  0  2  0  0  0  0  1  0  0  15.74606   0.00009     0.074
  0  0  0  3  0  0  0  0  1  0 -2  72.48311   0.00003     0.078
  0  0  0  3  0  0  0  0  1  0  0 338.59946   0.00004     0.072
  0  0  0  3  0  0  0  0  2  0 -1 193.96228   0.00003     0.077
  0  0  0  4  0  0  0  0  2  0 -3 102.78502   0.00001     0.075
  0  0  0  4  0  0  0  0  2  0 -1  43.30931   0.00007     0.074
  0  0  0  5  0  0  0  0  2  0 -1 251.26340   0.00002     0.072
  0  0  0  6  0  0  0  0  2  0 -1 280.46229   0.00006     0.069
  0  0  0  7  0  0  0  0  2  0 -1 129.65557   0.00002     0.067
  0  0  1 -6  0  0  0  0 -2  0  1 114.24115   0.00003     0.074
  0  0  1 -5  0  0  0  0 -2  0  1 135.82277   0.00005     0.077
  0  0  1 -5  0  0  0  0 -2  0  3 141.67736   0.00001     0.072
  0  0  1 -5  0  0  0  0 -1  0  0 166.19613   0.00005     0.071
  0  0  1 -5  0  0  0  0 -1  0  2  15.27608   0.00002     0.078
  0  0  1 -4  0  0  0  0 -1  0  0  83.24752   0.00001     0.074
  0  0  1 -4  0  0  0  0 -1  0  2  83.24752   0.00001     0.075
  0  0  1 -3  0  0  0  0 -1  0  0 109.85138   0.00005     0.077
  0  0  1 -3  0  0  0  0  1  0 -2 320.56658   0.00001     0.066
  0  0  1 -3  0  0  0  0  1  0  0 320.56658   0.00001     0.085
  0  0  1 -2  0  0  0  0 -2  0  1  52.92886   0.00004     0.088
  0  0  1 -2  0  0  0  0 -1  0  0 128.11846   0.00007     0.080
  0  0  1 -2  0  0  0  0  0 -1 -1  46.38324   0.00003     0.037
  0  0  1 -2  0  0  0  0  0 -1  1  40.62315   0.00002     9.672
  0  0  1 -2  0  0  0  0  0  1 -1  40.62315   0.00002     4.346
  0  0  1 -2  0  0  0  0  0  1  1  46.38324   0.00003     0.038
  0  0  1 -2  0  0  0  0  1  0  0 351.37034   0.00004     0.081
  0  0  1 -2  0  0  0  0  2 -1 -1  54.18332   0.00002     0.499
  0  0  1 -2  0  0  0  0  2 -1  1  54.18332   0.00002     0.040
  0  0  1 -2  0  0  0  0  2  0 -1  54.14347   0.00006     0.089
  0  0  1 -1  0  0  0  0 -2  0  1 273.70254   0.00002     0.092
  0  0  1 -1  0  0  0  0 -1  0  0 122.13777   0.00007     0.084
  0  0  1 -1  0  0  0  0 -1  0  2 319.35503   0.00002     0.067
  0  0  1 -1  0  0  0  0  0  0 -1  89.75374   0.00004     0.077
  0  0  1 -1  0  0  0  0  0  0  1  89.75374   0.00004     0.072
  0  0  1 -1  0  0  0  0  1  0  0  37.68611   0.00002     0.078
  0  0  1 -1  0  0  0  0  2  0 -3  86.19431   0.00002     0.066
  0  0  1 -1  0  0  0  0  2  0 -1 266.19431   0.00002     0.085
  0  0  1  0 -3  0  0  0  0  0 -1  30.47728   0.00001     0.079
  0  0  1  0 -3  0  0  0  0  0  1  30.47728   0.00001     0.071
  0  0  1  0 -2  0  0  0 -2  0 -1  43.95014   0.00001     0.027
  0  0  1  0 -2  0  0  0 -2  0  1  43.94826   0.00005     0.095
  0  0  1  0 -2  0  0  0 -1  0  0 342.04010   0.00005     0.087
  0  0  1  0 -2  0  0  0  1 -1  0 153.54295   0.00002    17.980
  0  0  1  0 -2  0  0  0  1  0  0 333.54238   0.00032     0.076
  0  0  1  0 -2  0  0  0  1  1  0 333.54238   0.00002     0.038
  0  0  1  0 -2  0  0  0  2  0 -1  42.81746   0.00002     0.082
  0  0  1  0 -2  5  0  0  1  0  0 141.26330   0.00003     0.075
  0  0  1  0 -1  0  0  0  1  0  0 164.86231   0.00012     0.075
  0  0  1  0  0 -2  0  0  1  0  0  14.88171   0.00014     0.075
  0  0  1  0  0 -1  0  0  1  0  0 273.50613   0.00004     0.075
  0  0  1  0  0  0  0  0 -2  0  1 183.12543   0.00004     0.097
  0  0  1  0  0  0  0  0 -1  0 -2 101.83120   0.00002     0.026
  0  0  1  0  0  0  0  0 -1  0  0 302.39044   0.00005     0.088
  0  0  1  0  0  0  0  0 -1  0  2 178.30350   0.00001     0.065
  0  0  1  0  0  0  0  0 -1  1  0  21.30072   0.00004     0.530
  0  0  1  0  0  0  0  0  0  0 -1 120.79923   0.00006     0.081
  0  0  1  0  0  0  0  0  0  0  1 120.79923   0.00006     0.069
  0  0  1  0  0  0  0  0  1 -2  0 138.64316   0.00003     0.076
  0  0  1  0  0  0  0  0  1 -1  0 189.57541   0.00007     8.850
  0  0  1  0  0  0  0  0  1  0  0  11.13687   0.00132     0.075
  0  0  1  0  0  0  0  0  1  1  0   9.57594   0.00007     0.038
  0  0  1  0  0  0  0  0  2  0 -3  32.97163   0.00002     0.069
  0  0  1  0  0  0  0  0  2  0 -1 281.31434   0.00006     0.081
  0  0  1  0  0  1  0  0  1  0  0 340.86229   0.00012     0.075
  0  0  1  0  0  2  0  0  1  0  0 136.95201   0.00006     0.074
  0  0  1  0  1 -1  0  0  1  0  0 167.07365   0.00002     0.075
  0  0  1  0  1  0  0  0  1  0  0 177.16017   0.00014     0.074
  0  0  1  0  2 -5  0  0  1  0  0 175.97986   0.00008     0.075
  0  0  1  0  2  0  0  0  1  0  0 141.86655   0.00017     0.074
  0  0  1  0  3  0  0  0  1  0  0 140.11131   0.00002     0.073
  0  0  1  1  0  0  0  0  0  0 -1 151.53581   0.00002     0.084
  0  0  1  1  0  0  0  0  0  0  1 151.53581   0.00002     0.067
  0  0  1  1  0  0  0  0  1  0  0 254.26327   0.00003     0.072
  0  0  1  2  0  0  0  0  1  0 -2 178.98604   0.00002     0.081
  0  0  1  2  0  0  0  0  1  0  0 358.98604   0.00002     0.069
  0  0  1  2  0  0  0  0  2  0 -3 195.51964   0.00002     0.074
  0  0  1  2  0  0  0  0  2  0 -1 183.42468   0.00009     0.075
  0  0  1  4  0  0  0  0  2  0 -3  71.26741   0.00004     0.081
  0  0  1  4  0  0  0  0  2  0 -1 251.26741   0.00004     0.069
  0  0  2 -9  0  0  0  0 -2  0  1 230.33298   0.00006     0.071
  0  0  2 -8  0  0  0  0 -2  0  1  80.55793   0.00003     0.074
  0  0  2 -8  0  0  0  0 -2  0  3 260.55793   0.00003     0.075
  0  0  2 -7  0  0  0  0 -2  0  1 108.19444   0.00002     0.077
  0  0  2 -7  0  0  0  0 -2  2 -1 108.28104   0.00001     0.075
  0  0  2 -7  0  0  0  0 -2  2  1 288.28104   0.00001     0.074
  0  0  2 -6  0  0  0  0 -2  0  1 316.42107   0.00001     0.080
  0  0  2 -6  0  0  0  0 -2  0  3 316.42107   0.00001     0.070
  0  0  2 -6  0  0  0  0 -1  0  0 247.70960   0.00002     0.074
  0  0  2 -6  0  0  0  0 -1  0  2 278.11075   0.00001     0.075
  0  0  2 -5  0  0  0  0 -1  0  0  47.55273   0.00004     0.077
  0  0  2 -5  0  0  0  0 -1  0  2 189.55981   0.00002     0.072
  0  0  2 -4  0  0  0  0 -2  0  1  27.59950   0.00002     0.087
  0  0  2 -4  0  0  0  0 -1  0  0  56.02325   0.00005     0.080
  0  0  2 -4  0  0  0  0  0  0 -1 189.14711   0.00007     0.074
  0  0  2 -4  0  0  0  0  0  0  1 189.14711   0.00007     0.075
  0  0  2 -4  0  0  0  0  1  0 -2 230.83983   0.00001     0.068
  0  0  2 -4  0  0  0  0  1  0  0 230.83983   0.00001     0.082
  0  0  2 -3  0  0  0  0 -1  0  0  99.15862   0.00003     0.084
  0  0  2 -3  0  0  0  0 -1  0  2  64.63208   0.00002     0.067
  0  0  2 -3  0  0  0  0  0  0 -1  57.09551   0.00003     0.077
  0  0  2 -3  0  0  0  0  0  0  1  57.09551   0.00003     0.072
  0  0  2 -3  0  0  0  0  1  0  0 290.44512   0.00005     0.078
  0  0  2 -3  0  0  0  0  2  0 -3 236.99291   0.00002     0.066
  0  0  2 -3  0  0  0  0  2  0 -1 236.76720   0.00004     0.085
  0  0  2 -2  0  0  0  0  1  0  0 202.60402   0.00005     0.075
  0  0  2 -2  0  0  0  0  2  0 -3 266.07243   0.00002     0.069
  0  0  2 -2  0  0  0  0  2  0 -1 266.07243   0.00002     0.082
  0  0  2 -1  0  0  0  0 -1  0  0 119.18610   0.00002     0.092
  0  0  2 -1  0  0  0  0 -1  0  2 299.18610   0.00002     0.063
  0  0  2 -1  0  0  0  0  1  0  0 194.06866   0.00005     0.072
  0  0  2 -1  0  0  0  0  2  0 -1 297.29273   0.00003     0.078
  0  0  2  0 -3  0  0  0  0 -1 -1 239.33862   0.00002     0.040
  0  0  2  0 -3  0  0  0  0 -1  1 239.33856   0.00002     0.523
  0  0  2  0 -3  0  0  0  0  0 -1 241.35498   0.00001     0.086
  0  0  2  0 -3  0  0  0  0  0  1 241.35498   0.00001     0.066
  0  0  2  0 -3  0  0  0  2 -2 -1  59.28916   0.00003     0.074
  0  0  2  0 -3  0  0  0  2 -2  1  59.28916   0.00003     0.075
  0  0  2  0 -3  0  0  0  2 -1 -1  59.33853   0.00010     5.163
  0  0  2  0 -3  0  0  0  2 -1  1  59.33697   0.00011     0.038
  0  0  2  0 -2  0  0  0  1  0  0 123.55044   0.00002     0.070
  0  0  2  0 -1  0  0  0  1  0  0 185.34963   0.00007     0.070
  0  0  2  0  0  0  0  0  0  0 -1 245.92350   0.00002     0.088
  0  0  2  0  0  0  0  0  0  0  1 245.92350   0.00002     0.065
  0  0  2  0  0  0  0  0  1  0  0 301.04803   0.00006     0.070
  0  0  2  0  0  0  0  0  2  0 -3 154.15550   0.00003     0.074
  0  0  2  0  0  0  0  0  2  0 -1 342.92927   0.00006     0.075
  0  0  2  0  0  3  0  0  2  0 -3  92.98042   0.00004     0.074
  0  0  2  0  0  3  0  0  2  0 -1 272.98042   0.00004     0.075
  0  0  2  0  1  0  0  0  1  0  0 140.18799   0.00003     0.069
  0  0  2  0  1  0  0  0  2  0 -3 261.44139   0.00002     0.074
  0  0  2  0  1  0  0  0  2  0 -1 261.44139   0.00002     0.075
  0  0  2  1  0  0  0  0  1  0 -2  93.49857   0.00002     0.084
  0  0  2  1  0  0  0  0  1  0  0 273.49857   0.00002     0.067
  0  0  2  1  0  0  0  0  2  0 -1 191.78434   0.00009     0.072
  0  0  2  2  0  0  0  0  2  0 -1 222.10175   0.00006     0.070
  0  0  2  3  0  0  0  0  2  0 -1 250.95341   0.00003     0.067
  0  0  2  4  0  0  0  0  2  0 -3 280.45679   0.00001     0.088
  0  0  2  4  0  0  0  0  2  0 -1 100.45679   0.00001     0.065
  0  0  3-11  0  0  0  0 -2  0  1  21.14616   0.00001     0.071
  0  0  3-11  0  0  0  0 -2  0  3 201.14616   0.00001     0.079
  0  0  3-10  0  0  0  0 -2  0  1 230.62099   0.00001     0.073
  0  0  3-10  0  0  0  0 -2  0  3  50.62099   0.00001     0.076
  0  0  3 -9  0  0  0  0 -2  0  1  79.37877   0.00002     0.076
  0  0  3 -9  0  0  0  0 -2  2  1 258.93633   0.00003     0.075
  0  0  3 -8  0  0  0  0 -2  0  1 108.02555   0.00002     0.080
  0  0  3 -8  0  0  0  0 -2  0  3 108.02555   0.00002     0.070
  0  0  3 -8  0  0  0  0 -1  0  0 163.80382   0.00003     0.073
  0  0  3 -7  0  0  0  0 -1  0  0   3.92560   0.00004     0.076
  0  0  3 -7  0  0  0  0 -1  2  0 339.85551   0.00005     0.075
  0  0  3 -6  0  0  0  0 -1  0  0  39.74888   0.00003     0.080
  0  0  3 -6  0  0  0  0 -1  0  2 176.16203   0.00001     0.070
  0  0  3 -6  0  0  0  0  0  0 -1 225.75989   0.00003     0.073
  0  0  3 -6  0  0  0  0  0  0  1 225.75989   0.00003     0.076
  0  0  3 -5  0  0  0  0 -1  0  0 108.64315   0.00003     0.083
  0  0  3 -5  0  0  0  0  0  0 -1  28.91967   0.00003     0.076
  0  0  3 -5  0  0  0  0  0  0  1  28.91967   0.00003     0.073
  0  0  3 -5  0  0  0  0  1  0 -2 154.51882   0.00002     0.071
  0  0  3 -5  0  0  0  0  1  0  0 317.77044   0.00006     0.079
  0  0  3 -4  0  0  0  0 -1  0  0  43.89753   0.00004     0.087
  0  0  3 -4  0  0  0  0 -1  0  2 303.72594   0.00001     0.065
  0  0  3 -4  0  0  0  0  1  0  0 287.58993   0.00006     0.076
  0  0  3 -4  0  0  0  0  2  0 -1 236.88424   0.00005     0.082
  0  0  3 -3  0  0  0  0 -1  0  0 111.97978   0.00001     0.091
  0  0  3 -3  0  0  0  0 -1  0  2 111.97978   0.00001     0.063
  0  0  3 -3  0  0  0  0  2  0 -3 266.58804   0.00001     0.071
  0  0  3 -3  0  0  0  0  2  0 -1 265.72368   0.00003     0.079
  0  0  3 -2  0  0  0  0  0  0 -1 122.28119   0.00002     0.087
  0  0  3 -2  0  0  0  0  0  0  1 122.28119   0.00002     0.065
  0  0  3 -2  0  0  0  0  1  0  0 277.84284   0.00005     0.070
  0  0  3 -2  0  0  0  0  2  0 -1 117.57588   0.00003     0.075
  0  0  3 -1  0  0  0  0  1  0 -2  97.15537   0.00002     0.083
  0  0  3 -1  0  0  0  0  1  0  0 316.83723   0.00003     0.067
  0  0  3 -1  0  0  0  0  2  0 -3 140.89132   0.00004     0.077
  0  0  3 -1  0  0  0  0  2  0 -1  74.89159   0.00002     0.073
  0  0  3  0  0  0  0  0  1  0 -2 157.92807   0.00003     0.087
  0  0  3  0  0  0  0  0  1  0  0 153.81155   0.00005     0.065
  0  0  3  0  0  0  0  0  2  0 -1  14.52258   0.00004     0.070
  0  0  3  0  1  0  0  0  1  0  0 321.69091   0.00002     0.065
  0  0  3  2  0  0  0  0  2  0 -1 250.90067   0.00002     0.065
  0  0  3  3  0  0  0  0  2  0 -3 100.39357   0.00001     0.091
  0  0  3  3  0  0  0  0  2  0 -1 100.39357   0.00001     0.063
  0  0  4-11  0  0  0  0 -2  0  1  50.58788   0.00004     0.076
  0  0  4-10  0  0  0  0 -2  0  1  79.10046   0.00005     0.079
  0  0  4-10  0  0  0  0 -1  0  0 167.75209   0.00003     0.073
  0  0  4 -9  0  0  0  0 -2  0  1 287.70170   0.00001     0.083
  0  0  4 -9  0  0  0  0 -2  0  3 287.70170   0.00001     0.068
  0  0  4 -9  0  0  0  0 -1  0  0 309.73027   0.00002     0.076
  0  0  4 -8  0  0  0  0 -1  0  0 339.76684   0.00006     0.079
  0  0  4 -8  0  0  0  0 -1  0  2 217.75755   0.00002     0.070
  0  0  4 -8  3  0  0  0 -2  0 -1   1.93148   0.00005     0.026
  0  0  4 -8  3  0  0  0 -2  0  1   1.95733   0.00027     0.088
  0  0  4 -8  3  0  0  0 -2  1 -1   2.12896   0.00008     0.040
  0  0  4 -8  3  0  0  0 -2  1  1   2.07541   0.00007     0.515
  0  0  4 -8  3  0  0  0  0 -2 -1 181.93153   0.00001     0.025
  0  0  4 -8  3  0  0  0  0 -2  1 181.93153   0.00001     0.076
  0  0  4 -8  3  0  0  0  0 -1 -1   1.47685   0.00011     0.037
  0  0  4 -8  3  0  0  0  0 -1  1   1.28718   0.00009     6.017
  0  0  4 -8  3  0  0  0  0  0 -1   3.09929   0.00010     0.074
  0  0  4 -8  3  0  0  0  0  0  1   3.09924   0.00010     0.075
  0  0  4 -8  3  0  0  0  0  1 -1   1.28718   0.00009     5.977
  0  0  4 -8  3  0  0  0  0  1  1   1.47685   0.00011     0.037
  0  0  4 -8  3  0  0  0  0  2 -1 181.93262   0.00001     0.076
  0  0  4 -8  3  0  0  0  0  2  1 181.93262   0.00001     0.025
  0  0  4 -8  3  0  0  0  2 -1 -1   2.07675   0.00007     0.515
  0  0  4 -8  3  0  0  0  2 -1  1   2.13013   0.00008     0.040
  0  0  4 -8  3  0  0  0  2  0 -1   1.95837   0.00027     0.088
  0  0  4 -8  3  0  0  0  2  0  1   1.93267   0.00005     0.026
  0  0  4 -7  0  0  0  0 -1  0  0  13.12435   0.00005     0.083
  0  0  4 -7  0  0  0  0 -1  0  2 224.04613   0.00002     0.068
  0  0  4 -7  0  0  0  0  0  0 -1   2.63717   0.00001     0.076
  0  0  4 -7  0  0  0  0  0  0  1   2.63717   0.00001     0.073
  0  0  4 -7  0  0  0  0  1  0 -2 232.81948   0.00003     0.070
  0  0  4 -7  0  0  0  0  1  0  0 232.81948   0.00003     0.079
  0  0  4 -6  0  0  0  0 -1  0  0  19.25044   0.00005     0.087
  0  0  4 -6  0  0  0  0 -1  0  2 252.93377   0.00002     0.065
  0  0  4 -6  0  0  0  0  1  0  0 286.61681   0.00006     0.076
  0  0  4 -6  0  0  0  0  2  0 -3  27.46764   0.00001     0.068
  0  0  4 -6  0  0  0  0  2  0 -1 207.59345   0.00005     0.082
  0  0  4 -5  0  0  0  0 -1  0  0  86.49864   0.00002     0.091
  0  0  4 -5  0  0  0  0 -1  0  2  86.49864   0.00002     0.063
  0  0  4 -5  0  0  0  0  1  0 -2 336.17647   0.00001     0.076
  0  0  4 -5  0  0  0  0  1  0  0 132.45280   0.00005     0.073
  0  0  4 -5  0  0  0  0  2  0 -3  56.78705   0.00003     0.070
  0  0  4 -4  0  0  0  0  1  0 -2  92.87911   0.00001     0.079
  0  0  4 -4  0  0  0  0  1  0  0 204.11469   0.00007     0.070
  0  0  4 -4  0  0  0  0  2  0 -1  74.84167   0.00003     0.076
  0  0  4 -3  0  0  0  0  1  0  0 267.50416   0.00002     0.068
  0  0  4 -3  0  0  0  0  2  0 -3 312.80713   0.00002     0.076
  0  0  4 -3  0  0  0  0  2  0 -1 111.41408   0.00006     0.073
  0  0  4 -2  0  0  0  0  1  0 -2 305.58033   0.00002     0.087
  0  0  4 -2  0  0  0  0  1  0  0 305.58033   0.00002     0.065
  0  0  4 -1  0  0  0  0  2  0 -1  12.94082   0.00002     0.068
  0  0  4  0 -1  0  0  0  1  0  0 322.98309   0.00005     0.061
  0  0  4  0  0  0  0  0  2  0 -3 200.71802   0.00002     0.087
  0  0  4  0  0  0  0  0  2  0 -1  34.74182   0.00004     0.065
  0  0  4  1  0  0  0  0  2  0 -1  71.19172   0.00003     0.063
  0  0  5-12  0  0  0  0 -2  0  1  50.28506   0.00001     0.079
  0  0  5-12  0  0  0  0 -2  0  3  49.96695   0.00003     0.071
  0  0  5-11  0  0  0  0 -2  0  1 258.89290   0.00002     0.082
  0  0  5-11  0  0  0  0 -1  0  0 282.98694   0.00004     0.076
  0  0  5-11  0  0  0  0 -1  0  2 169.52350   0.00002     0.073
  0  0  5 -9  0  0  0  0  0  0 -1 179.97120   0.00002     0.076
  0  0  5 -9  0  0  0  0  0  0  1 179.97120   0.00002     0.073
  0  0  5 -8  0  0  0  0 -1  0  0  28.28932   0.00001     0.086
  0  0  5 -8  0  0  0  0 -1  0  2  28.28932   0.00001     0.066
  0  0  5 -8  0  0  0  0  2  0 -1 178.55479   0.00003     0.083
  0  0  5 -7  0  0  0  0 -1  0  0  57.36748   0.00001     0.090
  0  0  5 -7  0  0  0  0 -1  0  2  57.36748   0.00001     0.063
  0  0  5 -7  0  0  0  0  1  0  0 121.89060   0.00005     0.073
  0  0  5 -7  0  0  0  0  2  0 -3  27.59826   0.00003     0.070
  0  0  5 -7  0  0  0  0  2  0 -1 207.59826   0.00003     0.079
  0  0  5 -6  0  0  0  0  1  0  0 257.56063   0.00003     0.071
  0  0  5 -6  0  0  0  0  2 -2 -1  59.88418   0.00003     0.075
  0  0  5 -6  0  0  0  0  2 -1  1 247.55824   0.00002     0.037
  0  0  5 -6  0  0  0  0  2  0 -3 228.81184   0.00001     0.073
  0  0  5 -6  0  0  0  0  2  0 -1  54.68957   0.00004     0.076
  0  0  5 -5  0  0  0  0  1  0  0 283.59223   0.00004     0.068
  0  0  5 -4  0  0  0  0  1  0  0 346.06156   0.00005     0.066
  0  0  5 -1  0  0  0  0  2  0 -1  41.95482   0.00002     0.063
  0  0  5  0 -2  0  0  0  1  0  0 142.07390   0.00002     0.058
  0  0  5  0  0  0  0  0  2  0 -1 101.31261   0.00006     0.061
  0  0  6-14  0  0  0  0 -2  0  1 200.96378   0.00003     0.078
  0  0  6-13  0  0  0  0 -2  0  1 229.90397   0.00002     0.082
  0  0  6-13  0  0  0  0 -1  0  0 311.02079   0.00002     0.075
  0  0  6-13  0  0  0  0 -1  0  2 311.02079   0.00002     0.074
  0  0  6-10  0  0  0  0  1  0  0 204.89847   0.00008     0.077
  0  0  6 -9  0  0  0  0  1  0 -2 208.94928   0.00001     0.075
  0  0  6 -9  0  0  0  0  1  0  0  69.70837   0.00005     0.074
  0  0  6 -9  0  0  0  0  2  0 -3 178.41879   0.00002     0.070
  0  0  6 -9  0  0  0  0  2  0 -1 178.41879   0.00002     0.080
  0  0  6 -8  0  0  0  0  1  0 -2  35.75749   0.00001     0.079
  0  0  6 -8  0  0  0  0  1  0  0 238.38250   0.00004     0.071
  0  0  6 -8  0  0  0  0  2 -2  1  31.63186   0.00003     0.075
  0  0  6 -8  0  0  0  0  2 -1 -1  43.90650   0.00002     5.148
  0  0  6 -8  0  0  0  0  2 -1  1  43.90477   0.00002     0.038
  0  0  6 -8  0  0  0  0  2  0 -1  27.84415   0.00002     0.077
  0  0  6 -7  0  0  0  0  1  0  0 243.18589   0.00005     0.068
  0  0  6 -7  0  0  0  0  2  0 -3 235.65112   0.00001     0.075
  0  0  6 -7  0  0  0  0  2  0 -1 235.65112   0.00001     0.074
  0  0  6 -6  0  0  0  0  1  0 -2  48.25718   0.00002     0.086
  0  0  6 -6  0  0  0  0  1  0  0 290.95637   0.00005     0.066
  0  0  6 -6  0  0  0  0  2  0 -1  84.67335   0.00003     0.071
  0  0  6 -5  0  0  0  0  1  0 -2 280.28298   0.00001     0.090
  0  0  6 -5  0  0  0  0  1  0  0 354.01903   0.00002     0.064
  0  0  7-15  0  0  0  0 -1  0  0 298.96411   0.00002     0.075
  0  0  7-13  0  0  0  0  0  0 -1 274.50791   0.00001     0.075
  0  0  7-13  0  0  0  0  0  0  1 274.50791   0.00001     0.074
  0  0  7-11  0  0  0  0  1  0 -2 154.45282   0.00001     0.075
  0  0  7-11  0  0  0  0  1  0  0  38.76308   0.00004     0.074
  0  0  7-11  0  0  0  0  2  0 -1 149.39845   0.00002     0.080
  0  0  7-10  0  0  0  0  1  0  0  62.92978   0.00002     0.071
  0  0  7 -9  0  0  0  0  1  0 -2 148.41736   0.00002     0.082
  0  0  7 -9  0  0  0  0  1  0  0 148.41736   0.00002     0.069
  0  0  7 -8  0  0  0  0  1  0 -2 273.96530   0.00001     0.085
  0  0  7 -8  0  0  0  0  1  0  0 273.96530   0.00001     0.066
  0  0  7 -8  0  0  0  0  2  0 -1  56.28506   0.00005     0.071
  0  0  7 -7  0  0  0  0  1  0 -2 303.04347   0.00001     0.089
  0  0  7 -7  0  0  0  0  1  0  0 303.04347   0.00001     0.064
  0  0  8-19  0  0  0  0 -2  0  1 286.85088   0.00003     0.075
  0  0  8-17  0  0  0  0 -1  0  0 231.25942   0.00003     0.075
  0  0  8-15  0  0  0  0 -2  0  1 242.58701   0.00003     0.089
  0  0  8-15  0  0  0  0  0 -1 -1 234.90043   0.00001     0.038
  0  0  8-15  0  0  0  0  0 -1  1 234.90043   0.00001     5.222
  0  0  8-15  0  0  0  0  0  0 -1  52.02035   0.00004     0.075
  0  0  8-15  0  0  0  0  0  0  1  52.02035   0.00004     0.074
  0  0  8-15  0  0  0  0  0  1 -1 234.90043   0.00001     7.041
  0  0  8-15  0  0  0  0  0  1  1 234.90043   0.00001     0.037
  0  0  8-15  0  0  0  0  2  0 -1 242.31946   0.00002     0.088
  0  0  8-13  0  0  0  0  1  0  0 163.49481   0.00002     0.074
  0  0  8-12  0  0  0  0  1  0  0  68.70866   0.00002     0.071
  0  0  8-12  0  0  0  0  2  0 -1 149.25672   0.00004     0.077
  0  0  8-11  0  0  0  0  2  0 -3   6.36668   0.00001     0.075
  0  0  8-11  0  0  0  0  2  0 -1   5.07385   0.00004     0.074
  0  0  8-10  0  0  0  0  1  0 -2  59.34192   0.00002     0.085
  0  0  8-10  0  0  0  0  1  0  0  59.34192   0.00002     0.066
  0  0  8-10  0  0  0  0  2  0 -1  27.31373   0.00006     0.071
  0  0  8 -9  0  0  0  0  2  0 -1  55.95398   0.00002     0.069
  0  0  9-21  0  0  0  0 -2  0  1 264.84859   0.00001     0.074
  0  0  9-21  0  0  0  0 -2  0  3  84.84859   0.00001     0.075
  0  0  9-15  0  0  0  0  1  0 -2 300.58258   0.00001     0.074
  0  0  9-15  0  0  0  0  1  0  0 187.49709   0.00010     0.075
  0  0  9-14  0  0  0  0  1  0 -2 152.27738   0.00002     0.077
  0  0  9-14  0  0  0  0  1  0  0 332.27738   0.00002     0.072
  0  0  9-14  0  0  0  0  2  0 -1 120.27072   0.00002     0.078
  0  0  9-13  0  0  0  0  2  0 -1 179.35949   0.00003     0.075
  0  0  9-12  0  0  0  0  2  0 -1 358.23925   0.00005     0.072
  0  0  9-11  0  0  0  0  2  0 -1  27.14518   0.00003     0.069
  0  0 10-17  0  0  0  0  1  0 -2 151.80196   0.00003     0.074
  0  0 10-17  0  0  0  0  1  0  0 151.80196   0.00003     0.075
  0  0 10-15  0  0  0  0  2  0 -1 300.65275   0.00003     0.075
  0  0 10-14  0  0  0  0  2  0 -1 329.15213   0.00004     0.072
  0  0 10-13  0  0  0  0  2  0 -1 358.15625   0.00003     0.069
  0  0 11-17  0  0  0  0  2  0 -3 270.92702   0.00001     0.074
  0  0 11-17  0  0  0  0  2  0 -1  91.02945   0.00005     0.075
  0  0 11-16  0  0  0  0  2  0 -3 120.15424   0.00001     0.077
  0  0 11-16  0  0  0  0  2  0 -1 300.15424   0.00001     0.072
  0  0 14-23  0  0  0  0  2 -2 -1 190.68252   0.00001     0.074
  0  0 14-23  0  0  0  0  2 -2  1 190.68252   0.00001     0.075
  0  0 34-41  0  0  0  0 -1 -1  0 145.60826   0.00001     0.074
  0  0 34-41  0  0  0  0 -1 -1  2 145.60826   0.00001     0.075
  0  1 -7  0  0  0  0  0 -2  0  1 341.06990   0.00002     0.060
  0  1 -5  0  0  0  0  0 -2  0  1 339.26429   0.00002     0.068
  0  1 -5  0  0  0  0  0 -2  0  3 339.26429   0.00002     0.082
  0  1 -4  0  0  0  0  0 -2  0  1 270.21891   0.00003     0.073
  0  1 -4  0  0  0  0  0 -2  0  3  90.21891   0.00003     0.076
  0  1 -4  0  0  0  0  0 -1  0  0  12.48068   0.00006     0.068
  0  1 -4  0  0  0  0  0 -1  0  2 240.17034   0.00001     0.083
  0  1 -4  0  0  0  0  0  1  0 -2   6.67687   0.00002     0.059
  0  1 -4  0  0  0  0  0  1  0  0   6.67687   0.00002     0.100
  0  1 -3  0  0  0  0  0 -1  0  0 301.36251   0.00008     0.073
  0  1 -3  0  0  0  0  0 -1  0  2 262.06705   0.00004     0.076
  0  1 -3  0  0  0  0  0  2  0 -3 109.32219   0.00001     0.059
  0  1 -3  0  0  0  0  0  2  0 -1 109.32219   0.00001     0.101
  0  1 -2  0  0  0  0  0 -2  0  1 305.17513   0.00004     0.086
  0  1 -2  0  0  0  0  0 -1  0  0  83.11622   0.00005     0.078
  0  1 -2  0  0  0  0  0 -1  1 -2 201.87295   0.00001     0.038
  0  1 -2  0  0  0  0  0 -1  1  0 357.18813   0.00003     1.951
  0  1 -2  0  0  0  0  0 -1  2  0 267.66778   0.00003     0.073
  0  1 -2  0  0  0  0  0  0  0 -1 246.36075   0.00001     0.072
  0  1 -2  0  0  0  0  0  0  0  1 246.36075   0.00001     0.077
  0  1 -2  0  0  0  0  0  1 -1  0   0.11554   0.00003     0.793
  0  1 -2  0  0  0  0  0  1 -1  2 180.11554   0.00003     0.039
  0  1 -2  0  0  0  0  0  1  0 -2  15.18784   0.00002     0.067
  0  1 -2  0  0  0  0  0  1  0  0 199.89038   0.00010     0.083
  0  1 -2  0  0  0  0  0  1  0  2   8.41047   0.00004     0.026
  0  1 -1  0  0  0  0  0 -2  0  1 252.36941   0.00002     0.094
  0  1 -1  0  0  0  0  0 -1  0  0  85.39922   0.00002     0.085
  0  1 -1  0  0  0  0  0 -1  0  2 192.34206   0.00002     0.066
  0  1 -1  0  0  0  0  0  0  0 -1  37.30805   0.00001     0.078
  0  1 -1  0  0  0  0  0  0  0  1  37.30805   0.00001     0.071
  0  1 -1  0  0  0  0  0  1  0 -2 104.82745   0.00002     0.072
  0  1 -1  0  0  0  0  0  1  0  0 104.82745   0.00002     0.077
  0  1  0  0  0  0  0  0 -1  0  0 341.82985   0.00007     0.093
  0  1  0  0  0  0  0  0  0  0 -1 117.92618   0.00007     0.085
  0  1  0  0  0  0  0  0  0  0  1 117.92618   0.00007     0.066
  0  1  0  0  0  0  0  0  1 -2  0 158.11077   0.00001     0.080
  0  1  0  0  0  0  0  0  1 -2  2 158.11077   0.00001     0.070
  0  1  0  0  0  0  0  0  1 -1  0 338.11077   0.00003     1.354
  0  1  0  0  0  0  0  0  1  0 -2  89.48321   0.00002     0.078
  0  1  0  0  0  0  0  0  1  0  0 202.69423   0.00019     0.071
  0  1  0  0  0  0  0  0  2  0 -3 239.75888   0.00002     0.072
  0  1  0  0  0  0  0  0  2  0 -1 342.20332   0.00001     0.077
  0  1  1  0  0  0  0  0 -1  0  0 254.64264   0.00005     0.103
  0  1  1  0  0  0  0  0 -1  0  2   2.60660   0.00002     0.058
  0  1  1  0  0  0  0  0  1  0 -2 346.46820   0.00002     0.084
  0  1  1  0  0  0  0  0  1  0  0 239.52536   0.00002     0.067
  0  1  1  0  0  0  0  0  2  0 -1  66.42887   0.00002     0.072
  0  1  2  0  0  0  0  0  1  0  0 158.74254   0.00005     0.063
  0  1  2  0  0  0  0  0  2  0 -1 309.00828   0.00004     0.067
  0  1  3  0  0  0  0  0  2  0 -1  20.62169   0.00002     0.063
  0  2 -8  0  0  0  0  0 -2  0  1 341.11980   0.00001     0.062
  0  2 -8  0  0  0  0  0 -2  0  3 161.11980   0.00001     0.093
  0  2 -7  0  0  0  0  0 -2  0  1 256.44748   0.00004     0.066
  0  2 -6  0  0  0  0  0 -2  0  1 302.86711   0.00005     0.071
  0  2 -5  0  0  0  0  0 -2  0  1 112.42360   0.00002     0.077
  0  2 -5  0  0  0  0  0 -2  0  3 112.42360   0.00002     0.073
  0  2 -5  0  0  0  0  0 -2  2 -1 167.17598   0.00003     0.075
  0  2 -5  0  0  0  0  0 -2  2  1 302.78975   0.00002     0.074
  0  2 -5  0  0  0  0  0 -1  0  0  47.36714   0.00007     0.071
  0  2 -5  0  0  0  0  0  1  0 -2 165.22731   0.00002     0.062
  0  2 -5  0  0  0  0  0  1  0  0  19.06682   0.00003     0.094
  0  2 -4  0  0  0  0  0 -1  0  0 136.78260   0.00007     0.076
  0  2 -4  0  0  0  0  0 -1  0  2  87.32884   0.00001     0.073
  0  2 -4  0  0  0  0  0 -1  2 -2 186.11399   0.00001     0.074
  0  2 -4  0  0  0  0  0 -1  2  0 100.40238   0.00003     0.075
  0  2 -4  0  0  0  0  0  0  0 -1 285.47156   0.00003     0.071
  0  2 -4  0  0  0  0  0  0  0  1 285.47156   0.00003     0.079
  0  2 -4  0  0  0  0  0  2  0 -3 289.37209   0.00001     0.061
  0  2 -4  0  0  0  0  0  2  0 -1 109.37209   0.00001     0.095
  0  2 -3  0  0  0  0  0 -2  0 -1  23.26965   0.00002     0.026
  0  2 -3  0  0  0  0  0 -2  0  1  34.58656   0.00014     0.090
  0  2 -3  0  0  0  0  0 -2  1 -1  12.78501   0.00002     0.041
  0  2 -3  0  0  0  0  0 -2  1  1  12.78513   0.00002     0.456
  0  2 -3  0  0  0  0  0 -1  0  0 106.78894   0.00006     0.083
  0  2 -3  0  0  0  0  0  0 -1 -1  17.56995   0.00003     0.038
  0  2 -3  0  0  0  0  0  0 -1  1  17.78322   0.00002     2.394
  0  2 -3  0  0  0  0  0  0  0 -1  48.82838   0.00009     0.076
  0  2 -3  0  0  0  0  0  0  0  1  48.82838   0.00009     0.073
  0  2 -3  0  0  0  0  0  0  1 -1  17.78322   0.00002    11.864
  0  2 -3  0  0  0  0  0  0  1  1  17.56995   0.00003     0.037
  0  2 -3  0  0  0  0  0  1 -2  0   0.01545   0.00005     0.072
  0  2 -3  0  0  0  0  0  1 -1  0   0.11535   0.00005     1.572
  0  2 -3  0  0  0  0  0  1  0 -2 334.10870   0.00001     0.070
  0  2 -3  0  0  0  0  0  1  0  0 194.30034   0.00014     0.079
  0  2 -3  0  0  0  0  0  2  0 -3 195.14397   0.00001     0.065
  0  2 -3  0  0  0  0  0  2  0 -1  17.75499   0.00004     0.086
  0  2 -2  0  0  0  0  0 -1  0  0 355.86925   0.00003     0.090
  0  2 -2  0  0  0  0  0  1  0  0 311.60404   0.00021     0.073
  0  2 -2  0  0  0  0  0  2  0 -1 284.37092   0.00007     0.080
  0  2 -1  0  0  0  0  0 -2  0 -1 161.53776   0.00001     0.028
  0  2 -1  0  0  0  0  0 -2  0  1 161.71334   0.00002     0.110
  0  2 -1  0  0  0  0  0 -2  0  3 340.07907   0.00003     0.056
  0  2 -1  0  0  0  0  0 -1  0 -2 106.37616   0.00001     0.027
  0  2 -1  0  0  0  0  0 -1  0  0 322.46316   0.00004     0.099
  0  2 -1  0  0  0  0  0 -1  1  0 179.88511   0.00006     0.319
  0  2 -1  0  0  0  0  0  1  0 -2 152.98953   0.00001     0.082
  0  2 -1  0  0  0  0  0  1  0  0 220.27956   0.00009     0.068
  0  2 -1  0  0  0  0  0  1  0  2  59.20958   0.00001     0.024
  0  2 -1  0  0  0  0  0  2  0 -1 165.31240   0.00005     0.074
  0  2  0  0  0  0  0  0  1  0 -2 114.55252   0.00001     0.089
  0  2  0  0  0  0  0  0  1  0  0 239.28758   0.00004     0.064
  0  2  1  0  0  0  0  0  1  0  0 321.51064   0.00004     0.060
  0  2  1  0  0  0  0  0  2  0 -3   8.44702   0.00003     0.089
  0  2  1  0  0  0  0  0  2  0 -1   8.44702   0.00003     0.064
  0  2  2  0  0  0  0  0  2  0 -1  20.61859   0.00002     0.060
  0  2  3  0  0  0  0  0  2  0 -3 288.01533   0.00004     0.108
  0  2  3  0  0  0  0  0  2  0 -1 108.01533   0.00004     0.057
  0  3 -7  0  0  0  0  0 -1  0  0 286.95899   0.00001     0.069
  0  3 -7  0  0  0  0  0 -1  0  2 286.95899   0.00001     0.081
  0  3 -6  0  0  0  0  0 -2  0  1 359.88250   0.00003     0.080
  0  3 -6  0  0  0  0  0 -1 -1  0  56.98331   0.00002     0.037
  0  3 -6  0  0  0  0  0 -1  0  0  56.92022   0.00041     0.074
  0  3 -6  0  0  0  0  0 -1  0  2   2.21551   0.00001     0.075
  0  3 -6  0  0  0  0  0 -1  1  0 236.98886   0.00002     4.230
  0  3 -6  0  0  0  0  0  1  0  0  50.46389   0.00002     0.089
  0  3 -5  0  0  0  0  0 -2  0  1 202.22287   0.00002     0.087
  0  3 -5  0  0  0  0  0  0  0 -1 153.84684   0.00004     0.074
  0  3 -5  0  0  0  0  0  0  0  1 153.84684   0.00004     0.075
  0  3 -5  0  0  0  0  0  2  0 -1 198.15991   0.00002     0.089
  0  3 -4  0  0  0  0  0 -2  0 -1  28.06134   0.00002     0.027
  0  3 -4  0  0  0  0  0 -2  0  1  21.98394   0.00008     0.096
  0  3 -4  0  0  0  0  0 -1  0 -2 303.80888   0.00001     0.026
  0  3 -4  0  0  0  0  0 -1  0  0  91.29083   0.00006     0.087
  0  3 -4  0  0  0  0  0  0 -1 -1   8.45105   0.00001     0.039
  0  3 -4  0  0  0  0  0  0 -1  1   8.45105   0.00001     0.958
  0  3 -4  0  0  0  0  0  0  0 -1 359.12453   0.00002     0.080
  0  3 -4  0  0  0  0  0  0  0  1 359.12453   0.00002     0.070
  0  3 -4  0  0  0  0  0  0  1 -1   8.45105   0.00001     1.409
  0  3 -4  0  0  0  0  0  0  1  1   8.45105   0.00001     0.036
  0  3 -4  0  0  0  0  0  1 -2  0 301.81571   0.00005     0.075
  0  3 -4  0  0  0  0  0  1 -1 -1  14.20298   0.00003     0.074
  0  3 -4  0  0  0  0  0  1 -1  0   0.11405   0.00004    95.796
  0  3 -4  0  0  0  0  0  1 -1  1  14.20298   0.00003     0.075
  0  3 -4  0  0  0  0  0  1  0  0 182.49682   0.00025     0.075
  0  3 -4  0  0  0  0  0  2  0 -1  16.34268   0.00002     0.082
  0  3 -3  0  0  0  0  0 -1  0  0  51.12627   0.00003     0.095
  0  3 -3  0  0  0  0  0  1  0  0 246.72715   0.00003     0.070
  0  3 -3  0  0  0  0  0  2  0 -1 358.05863   0.00004     0.076
  0  3 -2  0  0  0  0  0 -2  0 -1 161.53757   0.00001     0.028
  0  3 -2  0  0  0  0  0 -2  0  1 161.53757   0.00001     0.119
  0  3 -2  0  0  0  0  0 -1  0 -2  92.85820   0.00002     0.028
  0  3 -2  0  0  0  0  0 -1  0  0 215.64094   0.00006     0.105
  0  3 -2  0  0  0  0  0  0  0 -1 171.66753   0.00004     0.095
  0  3 -2  0  0  0  0  0  0  0  1 171.66753   0.00004     0.061
  0  3 -2  0  0  0  0  0  1  0 -2 171.60220   0.00002     0.086
  0  3 -2  0  0  0  0  0  1  0  0 227.62327   0.00010     0.066
  0  3 -2  0  0  0  0  0  2  0 -1 125.37021   0.00003     0.070
  0  3 -2  0  0  0  0  0  3 -2  0 318.89823   0.00003     0.074
  0  3 -1  0  0  0  0  0 -1  0  0 245.62891   0.00007     0.118
  0  3  0  0  0  0  0  0  2  0 -3 147.18331   0.00002     0.094
  0  3  0  0  0  0  0  0  2  0 -1 325.57499   0.00004     0.062
  0  4-10  0  0  0  0  0 -2  0  1 161.54758   0.00006     0.068
  0  4 -9  0  0  0  0  0 -2  0  1  59.56273   0.00002     0.072
  0  4 -8  0  0  0  0  0 -2  0  1 147.44479   0.00005     0.078
  0  4 -8  0  0  0  0  0 -1  0  0 109.15168   0.00005     0.072
  0  4 -8  0  0  0  0  0 -1  0  2 100.22492   0.00001     0.077
  0  4 -7  0  0  0  0  0 -2  0  1 339.04076   0.00005     0.085
  0  4 -7  0  0  0  0  0 -1  0  0 237.03012   0.00007     0.078
  0  4 -7  0  0  0  0  0  1  0  0 129.54714   0.00003     0.084
  0  4 -6  0  0  0  0  0 -1  0  0  90.92395   0.00001     0.084
  0  4 -6  0  0  0  0  0 -1  0  2  90.92395   0.00001     0.067
  0  4 -6  0  0  0  0  0  0  0 -1 286.77016   0.00005     0.077
  0  4 -6  0  0  0  0  0  0  0  1 286.77016   0.00005     0.072
  0  4 -6  0  0  0  0  0  2  0 -1 108.72676   0.00005     0.085
  0  4 -5  0  0  0  0  0 -1  0  0  75.66912   0.00006     0.092
  0  4 -5  0  0  0  0  0  0  0 -1 207.76838   0.00003     0.084
  0  4 -5  0  0  0  0  0  0  0  1 207.76838   0.00003     0.067
  0  4 -5  0  0  0  0  0  1  0 -2 290.15139   0.00004     0.077
  0  4 -5  0  0  0  0  0  1  0  0 352.67276   0.00037     0.072
  0  4 -4  0  0  0  0  0 -1  0  0 316.24311   0.00002     0.101
  0  4 -4  0  0  0  0  0  1  0  0 245.05009   0.00002     0.067
  0  4 -4  0  0  0  0  0  2  0 -3 263.37816   0.00002     0.077
  0  4 -4  0  0  0  0  0  2  0 -1  76.69643   0.00006     0.072
  0  4 -3  0  0  0  0  0 -1  0 -2  97.29334   0.00002     0.028
  0  4 -3  0  0  0  0  0 -1  0  0 253.44398   0.00004     0.113
  0  4 -3  0  0  0  0  0  0  0 -1 356.31610   0.00001     0.101
  0  4 -3  0  0  0  0  0  0  0  1 356.31610   0.00001     0.059
  0  4 -3  0  0  0  0  0  1  0  0 201.21272   0.00011     0.063
  0  4 -3  0  0  0  0  0  1  0  2 345.41604   0.00002     0.023
  0  4 -3  0  0  0  0  0  2  0 -1  94.17629   0.00003     0.067
  0  4 -2  0  0  0  0  0 -1  0  0 246.37985   0.00006     0.127
  0  4 -2  0  0  0  0  0  1  0  0 262.16243   0.00003     0.059
  0  4 -1  0  0  0  0  0  2  0 -1 333.55374   0.00004     0.059
  0  5-10  0  0  0  0  0 -2  0  1 241.31053   0.00003     0.076
  0  5-10  0  0  0  0  0 -1  0  0 101.71877   0.00001     0.070
  0  5-10  0  0  0  0  0 -1  0  2 281.71877   0.00001     0.079
  0  5 -9  0  0  0  0  0 -2  0  1 338.00597   0.00002     0.082
  0  5 -9  0  0  0  0  0 -1  0  0 296.12277   0.00006     0.076
  0  5 -9  0  0  0  0  0 -1  0  2 158.08552   0.00002     0.074
  0  5 -8  0  0  0  0  0 -2  0  1  36.89673   0.00004     0.089
  0  5 -8  0  0  0  0  0 -2  0  3 212.80934   0.00001     0.064
  0  5 -8  0  0  0  0  0 -1  0  0 224.53605   0.00008     0.082
  0  5 -8  0  0  0  0  0 -1  0  2  11.61186   0.00003     0.068
  0  5 -8  0  0  0  0  0  0  0 -1 338.21217   0.00003     0.075
  0  5 -8  0  0  0  0  0  0  0  1 338.21217   0.00003     0.074
  0  5 -8  0  0  0  0  0  1  0  0  28.55529   0.00007     0.080
  0  5 -7  0  0  0  0  0 -1  0  0 180.51603   0.00003     0.089
  0  5 -7  0  0  0  0  0  1  0  0  46.70781   0.00011     0.074
  0  5 -6  0  0  0  0  0 -1  0  0 138.55208   0.00006     0.098
  0  5 -6  0  0  0  0  0 -1  0  2 359.94241   0.00002     0.060
  0  5 -6  0  0  0  0  0  0  0 -1 194.19281   0.00006     0.089
  0  5 -6  0  0  0  0  0  0  0  1 193.55447   0.00004     0.064
  0  5 -6  0  0  0  0  0  1  0 -2 155.05681   0.00002     0.081
  0  5 -6  0  0  0  0  0  1  0  0 350.54565   0.00012     0.069
  0  5 -6  0  0  0  0  0  2 -2 -1 198.44804   0.00001     0.077
  0  5 -6  0  0  0  0  0  2 -2  1  18.44804   0.00001     0.073
  0  5 -6  0  0  0  0  0  2 -1 -1 195.58051   0.00003     5.352
  0  5 -6  0  0  0  0  0  2  0 -3 341.33544   0.00002     0.075
  0  5 -6  0  0  0  0  0  2  0 -1  15.60353   0.00057     0.074
  0  5 -6  0  0  0  0  0  2  1 -1  15.57659   0.00003     0.037
  0  5 -5  0  0  0  0  0 -1  0  0 296.78525   0.00002     0.108
  0  5 -5  0  0  0  0  0  1  0  0 348.39563   0.00006     0.065
  0  5 -5  0  0  0  0  0  2  0 -1 106.25825   0.00003     0.069
  0  5 -4  0  0  0  0  0  0  0 -1 356.85170   0.00001     0.108
  0  5 -4  0  0  0  0  0  0  0  1 356.85170   0.00001     0.057
  0  5 -4  0  0  0  0  0  1 -1  0 176.01178   0.00001     0.309
  0  5 -4  0  0  0  0  0  1 -1  2 356.01178   0.00001     0.033
  0  5 -4  0  0  0  0  0  1  0  0 178.06791   0.00006     0.061
  0  5 -4  0  0  0  0  0  2  0 -1 358.80709   0.00002     0.065
  0  5 -3  0  0  0  0  0 -1  0  0 247.29410   0.00005     0.138
  0  5 -3  0  0  0  0  0  1  0  0 261.05772   0.00004     0.057
  0  5 -2  0  0  0  0  0  2  0 -3 338.48825   0.00002     0.106
  0  5 -2  0  0  0  0  0  2  0 -1 338.48825   0.00002     0.057
  0  6-12  0  0  0  0  0 -2  0  1 292.10514   0.00001     0.074
  0  6-12  0  0  0  0  0 -2  0  3 195.25208   0.00002     0.075
  0  6-11  0  0  0  0  0 -2  0  1  76.41008   0.00002     0.080
  0  6-11  0  0  0  0  0 -2  0  3 256.41008   0.00002     0.070
  0  6 -9  0  0  0  0  0 -1  0  0 210.04133   0.00005     0.086
  0  6 -9  0  0  0  0  0 -1  0  2 200.69440   0.00001     0.066
  0  6 -9  0  0  0  0  0  1  0  0 350.98531   0.00002     0.076
  0  6 -8  0  0  0  0  0 -1  0  0 126.34587   0.00005     0.094
  0  6 -8  0  0  0  0  0  2 -1 -1  14.81053   0.00002     5.330
  0  6 -8  0  0  0  0  0  2 -1  1  14.81594   0.00002     0.038
  0  6 -7  0  0  0  0  0 -1  0 -2 192.83451   0.00002     0.027
  0  6 -7  0  0  0  0  0 -1  0  0  74.47543   0.00003     0.104
  0  6 -7  0  0  0  0  0  0  0 -1  38.85257   0.00002     0.094
  0  6 -7  0  0  0  0  0  0  0  1  38.85257   0.00002     0.062
  0  6 -7  0  0  0  0  0  1  0  0 335.64739   0.00001     0.066
  0  6 -7  0  0  0  0  0  1  0  2 299.92180   0.00001     0.024
  0  6 -6  0  0  0  0  0 -1  0  0 276.39064   0.00003     0.116
  0  6 -6  0  0  0  0  0  1  0  0 350.37576   0.00006     0.062
  0  6 -5  0  0  0  0  0 -2  0  1 162.75996   0.00003     0.152
  0  6 -5  0  0  0  0  0 -2  0  3 342.75996   0.00003     0.049
  0  6 -5  0  0  0  0  0 -1  0 -2 275.97201   0.00002     0.029
  0  6 -5  0  0  0  0  0 -1  0  0 275.97201   0.00002     0.131
  0  6 -5  0  0  0  0  0  0  0 -1 299.36815   0.00001     0.115
  0  6 -5  0  0  0  0  0  0  0  1 299.36815   0.00001     0.055
  0  6 -5  0  0  0  0  0  1 -1  0 176.00731   0.00002     0.259
  0  6 -5  0  0  0  0  0  1  0  0 124.72593   0.00003     0.058
  0  6 -5  0  0  0  0  0  2  0 -1 341.04169   0.00002     0.062
  0  6 -4  0  0  0  0  0  1  0  0 228.46448   0.00007     0.055
  0  7-14  0  0  0  0  0 -2  0  1  60.71177   0.00003     0.072
  0  7 -9  0  0  0  0  0 -1  0  0 129.66650   0.00006     0.100
  0  7 -9  0  0  0  0  0  2  0 -3  86.90434   0.00001     0.076
  0  7 -9  0  0  0  0  0  2  0 -1  86.90434   0.00001     0.073
  0  7 -8  0  0  0  0  0 -1  0  0  51.99043   0.00004     0.111
  0  7 -8  0  0  0  0  0  1  0 -2 215.06507   0.00002     0.090
  0  7 -8  0  0  0  0  0  1  0  0  69.24325   0.00003     0.064
  0  7 -7  0  0  0  0  0 -1  0  0 305.25940   0.00005     0.125
  0  7 -7  0  0  0  0  0 -1  0  2 108.21481   0.00003     0.053
  0  7 -7  0  0  0  0  0  1  0  0 286.90215   0.00005     0.060
  0  7 -6  0  0  0  0  0 -2  0  1 162.78735   0.00002     0.168
  0  7 -6  0  0  0  0  0 -2  0  3 162.78735   0.00002     0.048
  0  7 -6  0  0  0  0  0  1  0  0 133.48609   0.00003     0.056
  0  7 -5  0  0  0  0  0  1  0  0 238.67023   0.00003     0.053
  0  7 -2  0  0  0  0  0  2  0 -3 108.00704   0.00002     0.163
  0  7 -2  0  0  0  0  0  2  0 -1 108.00704   0.00002     0.048
  0  8-15  0  0  0  0  0 -2  0  1  43.42682   0.00002     0.075
  0  8-15  0  0  0  0  0 -2  0  3 223.66690   0.00001     0.074
  0  8-14  0  0  0  0  0 -2  0  1 341.64235   0.00005     0.081
  0  8-13  0  0  0  0  0 -2  0 -1  94.87458   0.00001     0.026
  0  8-13  0  0  0  0  0 -2  0  1  93.18476   0.00007     0.088
  0  8-13  0  0  0  0  0  0 -1 -1  87.10337   0.00003     0.037
  0  8-13  0  0  0  0  0  0 -1  1  81.68583   0.00002     5.850
  0  8-13  0  0  0  0  0  0  0 -1  82.04802   0.00003     0.075
  0  8-13  0  0  0  0  0  0  0  1  82.04802   0.00003     0.074
  0  8-13  0  0  0  0  0  0  1 -1  81.68583   0.00002     6.151
  0  8-13  0  0  0  0  0  0  1  1  87.10337   0.00003     0.037
  0  8-13  0  0  0  0  0  2  0 -1  92.75224   0.00007     0.088
  0  8-13  0  0  0  0  0  2  0  1  92.75224   0.00002     0.026
  0  8-12  0  0  0  0  0  1  0  0  26.06739   0.00013     0.075
  0  8-11  0  0  0  0  0 -1  0  0 220.33590   0.00002     0.096
  0  8-11  0  0  0  0  0  1  0  0 306.51920   0.00003     0.070
  0  8-11  0  0  0  0  0  2  0 -3   8.67488   0.00001     0.074
  0  8-11  0  0  0  0  0  2  0 -1   8.67488   0.00001     0.075
  0  8-10  0  0  0  0  0 -1  0  0 166.89719   0.00004     0.107
  0  8-10  0  0  0  0  0  1  0  0  91.95159   0.00006     0.065
  0  8-10  0  0  0  0  0  2  0 -3 109.48733   0.00003     0.080
  0  8-10  0  0  0  0  0  2  0 -1 289.48733   0.00003     0.070
  0  8 -9  0  0  0  0  0 -1  0 -2  93.76917   0.00001     0.028
  0  8 -9  0  0  0  0  0 -1  0  0  37.96173   0.00003     0.120
  0  8 -9  0  0  0  0  0  1  0  0  82.87429   0.00001     0.061
  0  8 -9  0  0  0  0  0  1  0  2   0.08183   0.00003     0.023
  0  8 -8  0  0  0  0  0 -1  0  0 313.53217   0.00004     0.136
  0  8 -8  0  0  0  0  0 -1  0  2 276.00405   0.00002     0.051
  0  8 -7  0  0  0  0  0  1  0  0 123.78089   0.00004     0.054
  0  8 -6  0  0  0  0  0  1  0  0 227.80786   0.00002     0.052
  0  9-15  0  0  0  0  0 -2  0  1 161.51139   0.00003     0.086
  0  9-14  0  0  0  0  0 -2  0  1 250.18131   0.00007     0.094
  0  9-14  0  0  0  0  0  0  0 -1  70.15019   0.00001     0.078
  0  9-14  0  0  0  0  0  0  0  1  70.15019   0.00001     0.071
  0  9-12  0  0  0  0  0  1  0 -2 352.41107   0.00002     0.084
  0  9-12  0  0  0  0  0  1  0  0 238.99471   0.00002     0.067
  0  9-12  0  0  0  0  0  2  0 -1  10.39083   0.00002     0.072
  0  9-11  0  0  0  0  0 -1  0  0 130.82205   0.00005     0.114
  0  9-11  0  0  0  0  0 -1  0  2 245.59469   0.00001     0.055
  0  9-11  0  0  0  0  0  1  0 -2 349.21850   0.00002     0.092
  0  9-11  0  0  0  0  0  1  0  0 169.21850   0.00002     0.063
  0  9-11  0  0  0  0  0  2  0 -3 109.76367   0.00002     0.084
  0  9-11  0  0  0  0  0  2  0 -1 289.76367   0.00002     0.067
  0  9-10  0  0  0  0  0 -1  0  0  70.58259   0.00005     0.129
  0  9-10  0  0  0  0  0  1  0  0 180.06941   0.00005     0.059
  0  9-10  0  0  0  0  0  2  0 -3  18.36241   0.00003     0.092
  0  9-10  0  0  0  0  0  2  0 -1 198.36241   0.00003     0.063
  0  9 -9  0  0  0  0  0  1  0 -2 207.58176   0.00001     0.113
  0  9 -9  0  0  0  0  0  1  0  0  82.24167   0.00006     0.056
  0  9 -8  0  0  0  0  0 -1  0  0 330.28261   0.00004     0.174
  0  9 -8  0  0  0  0  0  0  0 -1 336.71918   0.00002     0.147
  0  9 -8  0  0  0  0  0  0  0  1 336.71918   0.00002     0.050
  0  9 -8  0  0  0  0  0  1  0 -2  70.97515   0.00002     0.127
  0  9 -8  0  0  0  0  0  1  0  0 143.75345   0.00002     0.053
  0 10-15  0  0  0  0  0 -2  0  1 250.14821   0.00002     0.099
  0 10-15  0  0  0  0  0 -2  0  3 250.14821   0.00002     0.060
  0 10-13  0  0  0  0  0 -1  0  0 193.81135   0.00001     0.110
  0 10-13  0  0  0  0  0 -1  0  2 193.81135   0.00001     0.056
  0 10-13  0  0  0  0  0  1  0  0 172.04328   0.00004     0.064
  0 10-12  0  0  0  0  0 -1  0  0 118.03576   0.00003     0.123
  0 10-12  0  0  0  0  0  1  0  0 212.47124   0.00004     0.060
  0 10-11  0  0  0  0  0 -1  0  0  96.88089   0.00003     0.141
  0 10-11  0  0  0  0  0  1  0  0 196.51012   0.00002     0.057
  0 10-11  0  0  0  0  0  2  0 -1 198.36714   0.00004     0.060
  0 10-10  0  0  0  0  0  1  0  0  52.35202   0.00003     0.054
  0 10 -9  0  0  0  0  0 -2  0  1 161.49164   0.00001     0.246
  0 10 -9  0  0  0  0  0 -2  0  3 161.49164   0.00001     0.044
  0 10 -9  0  0  0  0  0 -1  0 -2 329.64858   0.00002     0.031
  0 10 -9  0  0  0  0  0 -1  0  0 329.64858   0.00002     0.196
  0 10 -9  0  0  0  0  0  1  0  0 224.10279   0.00002     0.051
  0 10 -9  0  0  0  0  0  1  0  2 111.03375   0.00002     0.022
  0 10 -5  0  0  0  0  0  2  0 -1 289.74392   0.00002     0.044
  0 10 -3  0  0  0  0  0 -2 -1 -1  60.66272   0.00001     0.026
  0 10 -3  0  0  0  0  0 -2 -1  1  60.66272   0.00002     0.088
  0 10 -3  0  0  0  0  0 -2  0 -1  60.66272   0.00001     0.040
  0 10 -3  0  0  0  0  0  0 -2 -1  60.66272   0.00007     0.037
  0 10 -3  0  0  0  0  0  0 -1 -1  60.19125   0.00064     0.075
  0 10 -3  0  0  0  0  0  0 -1  1  60.19125   0.00064     0.075
  0 10 -3  0  0  0  0  0  0  0  1  60.66272   0.00007     0.037
  0 10 -3  0  0  0  0  0  2 -2  1  60.66272   0.00001     0.040
  0 10 -3  0  0  0  0  0  2 -1 -1  60.66272   0.00002     0.088
  0 10 -3  0  0  0  0  0  2 -1  1  60.66272   0.00001     0.026
  0 11-16  0  0  0  0  0 -2  0  1  70.11500   0.00003     0.106
  0 11-13  0  0  0  0  0  1  0  0 212.07367   0.00003     0.058
  0 11-12  0  0  0  0  0 -1  0  0 104.39021   0.00003     0.154
  0 11-12  0  0  0  0  0 -1  1 -2  21.82927   0.00001     0.050
  0 11-12  0  0  0  0  0 -1  1  0 201.82927   0.00001     0.148
  0 11-12  0  0  0  0  0  2  0 -1 198.36728   0.00003     0.058
  0 11-11  0  0  0  0  0  1  0  0  51.88458   0.00004     0.052
  0 11-10  0  0  0  0  0 -1  0  0 274.27847   0.00002     0.223
  0 11-10  0  0  0  0  0 -1  0  2  94.27847   0.00002     0.045
  0 11-10  0  0  0  0  0 -1  1 -2 201.25525   0.00002     0.055
  0 11-10  0  0  0  0  0 -1  1  0  21.25525   0.00002     0.114
  0 11-10  0  0  0  0  0  1  0 -2 251.06487   0.00001     0.152
  0 11-10  0  0  0  0  0  1  0  0 251.06487   0.00001     0.049
  0 12-13  0  0  0  0  0 -1  0  0 108.26053   0.00002     0.171
  0 12-13  0  0  0  0  0 -1  0  2 108.26053   0.00002     0.048
  0 12-13  0  0  0  0  0 -1  1  0 201.81270   0.00003     0.135
  0 12-13  0  0  0  0  0  1  0  0 124.36507   0.00004     0.053
  0 12-13  0  0  0  0  0  2  0 -1 198.34662   0.00002     0.056
  0 12-12  0  0  0  0  0 -1  0  0 292.60196   0.00002     0.206
  0 12-12  0  0  0  0  0 -1  0  2 292.60196   0.00002     0.045
  0 12-12  0  0  0  0  0  1  0  0  24.02760   0.00004     0.050
  0 12-11  0  0  0  0  0 -1  1 -2 201.24076   0.00002     0.057
  0 12-11  0  0  0  0  0 -1  1  0  21.24076   0.00002     0.106
  0 12-11  0  0  0  0  0  1  0  0 318.84943   0.00003     0.048
  0 12 -8  0  0  0  0  0 -2  1 -1 321.11523   0.00005     0.075
  0 12 -8  0  0  0  0  0 -2  1  1 321.11523   0.00005     0.074
  0 13-15  0  0  0  0  0  1  0  0  91.52526   0.00005     0.054
  0 13-14  0  0  0  0  0 -1  0  0  49.71215   0.00004     0.191
  0 13-14  0  0  0  0  0 -1  1  0 201.79408   0.00002     0.125
  0 13-14  0  0  0  0  0  1  0  0 117.96518   0.00004     0.051
  0 13-12  0  0  0  0  0 -1  0  0 328.07785   0.00004     0.309
  0 13-12  0  0  0  0  0 -1  1 -2 201.22420   0.00002     0.059
  0 13-12  0  0  0  0  0 -1  1  0  21.22420   0.00002     0.100
  0 13-12  0  0  0  0  0  1  0  0 347.82427   0.00005     0.047
  0 14-16  0  0  0  0  0  1  0 -2  91.55333   0.00002     0.130
  0 14-16  0  0  0  0  0  1  0  0  91.55333   0.00002     0.052
  0 14-15  0  0  0  0  0 -1  0  0  72.75218   0.00002     0.217
  0 14-15  0  0  0  0  0 -1  0  2  87.70592   0.00001     0.045
  0 14-15  0  0  0  0  0 -1  1  0 201.77342   0.00002     0.116
  0 14-15  0  0  0  0  0  1  0 -2 117.81389   0.00001     0.149
  0 14-15  0  0  0  0  0  1  0  0 117.81389   0.00001     0.050
  0 14-13  0  0  0  0  0 -1  0 -2  21.20557   0.00002     0.034
  0 14-13  0  0  0  0  0 -1  0  0 201.20557   0.00002     0.383
  0 14-13  0  0  0  0  0 -1  1 -2 201.20557   0.00002     0.062
  0 14-13  0  0  0  0  0 -1  1  0  21.20557   0.00002     0.094
  0 14-13  0  0  0  0  0  1  0 -2 112.94670   0.00001     0.212
  0 14-13  0  0  0  0  0  1  0  0 323.54292   0.00003     0.045
  0 15-17  0  0  0  0  0 -1  0  0 113.32768   0.00002     0.201
  0 15-16  0  0  0  0  0 -1  0 -2 201.75075   0.00001     0.032
  0 15-16  0  0  0  0  0 -1  0  0  21.75075   0.00001     0.251
  0 15-16  0  0  0  0  0 -1  1  0 201.75075   0.00002     0.108
  0 15-15  0  0  0  0  0  1  0  0 267.45382   0.00002     0.046
  0 15-14  0  0  0  0  0 -1  0  0 201.18491   0.00004     0.504
  0 15-14  0  0  0  0  0 -1  1 -2 201.18491   0.00002     0.064
  0 15-14  0  0  0  0  0 -1  1  0  21.18491   0.00002     0.089
  0 15-14  0  0  0  0  0  1  0  0 289.81896   0.00004     0.044
  0 15-13  0  0  0  0  0 -2  1 -1 108.32836   0.00002     0.074
  0 15-13  0  0  0  0  0 -2  1  1 108.32836   0.00002     0.075
  0 16-17  0  0  0  0  0 -1  0  0  21.72611   0.00003     0.298
  0 16-17  0  0  0  0  0  1  0  0 359.92520   0.00005     0.047
  0 16-15  0  0  0  0  0 -2 -1  1 342.83188   0.00002     0.074
  0 16-15  0  0  0  0  0 -2 -1  3 162.83188   0.00002     0.075
  0 16-15  0  0  0  0  0 -1  0  0 201.16225   0.00004     0.735
  0 16-15  0  0  0  0  0  1  0 -2 289.63805   0.00002     0.288
  0 16-15  0  0  0  0  0  1  0  0 289.63805   0.00002     0.043
  0 17-18  0  0  0  0  0 -1  0  0  21.69954   0.00002     0.366
  0 17-18  0  0  0  0  0  1  0 -2 359.89673   0.00002     0.207
  0 17-18  0  0  0  0  0  1  0  0 359.89673   0.00002     0.045
  0 17-16  0  0  0  0  0 -1 -1  0 201.13761   0.00002     0.071
  0 17-16  0  0  0  0  0 -1 -1  2 201.13761   0.00002     0.078
  0 17-16  0  0  0  0  0 -1  1 -2 146.51981   0.00002     0.070
  0 17-16  0  0  0  0  0 -1  1  0 146.51981   0.00002     0.080
  0 18-19  0  0  0  0  0 -1  0  0  21.67107   0.00002     0.474
  0 18-17  0  0  0  0  0  1  0  0 175.79721   0.00002     0.041
  0 18-17  0  0  0  0  0  2 -2  1 217.50243   0.00001     0.042
  0 18-17  0  0  0  0  0  2 -1 -1 217.50243   0.00002     0.097
  0 18-17  0  0  0  0  0  2 -1  1 217.50243   0.00001     0.027
  0 18-16  0  0  0  0  0 -2 -2 -1 114.56550   0.00004     0.019
  0 18-16  0  0  0  0  0 -2 -2  1 114.56550   0.00004     0.041
  0 18-16  0  0  0  0  0 -2 -1 -1 114.56550   0.00022     0.026
  0 18-16  0  0  0  0  0 -2 -1  1 114.56550   0.00038     0.088
  0 18-16  0  0  0  0  0 -2  0 -1 114.56550   0.00025     0.040
  0 18-16  0  0  0  0  0  0 -3 -1 114.56550   0.00011     0.025
  0 18-16  0  0  0  0  0  0 -3  1 114.56550   0.00002     0.076
  0 18-16  0  0  0  0  0  0 -2 -1 114.55972   0.00125     0.037
  0 18-16  0  0  0  0  0  0 -1 -3 294.56550   0.00001     0.025
  0 18-16  0  0  0  0  0  0 -1 -1 114.50884   0.01126     0.075
  0 18-16  0  0  0  0  0  0 -1  1 114.62374   0.01123     0.074
  0 18-16  0  0  0  0  0  0 -1  3 294.56550   0.00001     0.025
  0 18-16  0  0  0  0  0  0  0 -1 290.17387   0.00003     6.132
  0 18-16  0  0  0  0  0  0  0  1 114.67748   0.00121     0.037
  0 18-16  0  0  0  0  0  0  1 -1 114.56550   0.00002     0.076
  0 18-16  0  0  0  0  0  0  1  1 114.56550   0.00011     0.025
  0 18-16  0  0  0  0  0  2 -2  1 114.56550   0.00025     0.040
  0 18-16  0  0  0  0  0  2 -1 -1 114.56550   0.00038     0.088
  0 18-16  0  0  0  0  0  2 -1  1 114.56550   0.00022     0.026
  0 18-16  0  0  0  0  0  2  0 -1 114.56550   0.00004     0.041
  0 18-16  0  0  0  0  0  2  0  1 114.56550   0.00004     0.019
  0 18-15  0  0  0  0  0 -2 -1 -1  11.62857   0.00001     0.027
  0 18-15  0  0  0  0  0 -2 -1  1  11.62857   0.00002     0.097
  0 18-15  0  0  0  0  0 -2  0 -1  11.62857   0.00001     0.042
  0 19-20  0  0  0  0  0 -1  1  0 201.64074   0.00002     0.085
  0 20-21  0  0  0  0  0 -2  1 -1  18.18419   0.00005     0.075
  0 20-21  0  0  0  0  0 -2  1  1  18.18419   0.00005     0.074
  0 20-21  0  0  0  0  0 -1  1  0 201.60861   0.00003     0.081
  0 20-20  0  0  0  0  0 -1  1 -2 296.75407   0.00003     0.074
  0 20-20  0  0  0  0  0 -1  1  0 317.44238   0.00005     0.075
  0 20-19  0  0  0  0  0 -1  1 -2 201.05224   0.00002     0.080
  0 20-19  0  0  0  0  0 -1  1  0 201.05224   0.00002     0.069
  0 21-22  0  0  0  0  0 -1 -1  0  48.15158   0.00002     0.074
  0 21-22  0  0  0  0  0 -1 -1  2 228.15158   0.00002     0.075
  0 21-20  0  0  0  0  0  1 -1 -2 288.90331   0.00002     0.074
  0 21-20  0  0  0  0  0  1 -1  0 288.90331   0.00002     0.075
  0 22-23  0  0  0  0  0 -1  1  0  83.05036   0.00002     0.073
  0 23-23  0  0  0  0  0  1 -1 -2 267.56110   0.00002     0.075
  0 23-23  0  0  0  0  0  1 -1  0  87.56110   0.00002     0.074
  0 26-29  0  0  0  0  0  0 -1 -1 238.39622   0.00004     0.075
  0 26-29  0  0  0  0  0  0 -1  1 238.39622   0.00004     0.074
  3  0 -1  0  0  0  0  0 -2  1 -1 218.71494   0.00001     0.074
  3  0 -1  0  0  0  0  0 -2  1  1 218.71494   0.00001     0.075
