PLANETARY PERTURBATIONS. TABLE 2. LONGITUDE/T
  0  0  0  0  0  0  0  0  0  0  2 180.00000   0.00002     0.037
  0  0  0  0  0  0  0  0  0  1 -2   0.00000   0.00011     0.074
  0  0  0  0  0  0  0  0  0  1  0   0.00000   0.00097     0.075
  0  0  0  0  0  0  0  0  0  2  0   0.00000   0.00035     0.038
  0  0  0  0  0  0  0  0  0  3  0   0.00000   0.00004     0.025
  0  0  0  0  0  0  0  0  1 -4  0   0.00000   0.00012     0.019
  0  0  0  0  0  0  0  0  1 -3 -2 180.00000   0.00002     0.015
  0  0  0  0  0  0  0  0  1 -3  0   0.00000   0.00169     0.026
  0  0  0  0  0  0  0  0  1 -2 -2 180.00000   0.00013     0.019
  0  0  0  0  0  0  0  0  1 -2  0   0.00000   0.02438     0.039
  0  0  0  0  0  0  0  0  1 -2  2 180.00000   0.00006     0.750
  0  0  0  0  0  0  0  0  1 -1 -2 180.00000   0.00076     0.026
  0  0  0  0  0  0  0  0  1 -1  0   0.00000   0.37115     0.082
  0  0  0  0  0  0  0  0  1 -1  2   0.00000   0.00020     0.069
  0  0  0  0  0  0  0  0  1  0 -2 180.00000   0.00019     0.039
  0  0  0  0  0  0  0  0  1  0  0   0.00000   1.67680     1.000
  0  0  0  0  0  0  0  0  1  0  2 180.00000   0.00104     0.036
  0  0  0  0  0  0  0  0  1  1 -2   0.00000   0.00021     0.079
  0  0  0  0  0  0  0  0  1  1  0   0.00000   0.27560     0.070
  0  0  0  0  0  0  0  0  1  1  2 180.00000   0.00066     0.024
  0  0  0  0  0  0  0  0  1  2 -2 180.00000   0.00007     1.500
  0  0  0  0  0  0  0  0  1  2  0   0.00000   0.01923     0.036
  0  0  0  0  0  0  0  0  1  2  2 180.00000   0.00011     0.018
  0  0  0  0  0  0  0  0  1  3  0   0.00000   0.00138     0.025
  0  0  0  0  0  0  0  0  1  3  2 180.00000   0.00001     0.015
  0  0  0  0  0  0  0  0  1  4  0   0.00000   0.00010     0.019
  0  0  0  0  0  0  0  0  2 -3  0   0.00000   0.00008     0.026
  0  0  0  0  0  0  0  0  2 -2  0   0.00000   0.00097     0.041
  0  0  0  0  0  0  0  0  2 -1 -2 180.00000   0.00002     0.026
  0  0  0  0  0  0  0  0  2 -1  0   0.00000   0.01293     0.089
  0  0  0  0  0  0  0  0  2  0 -2   0.00000   0.00002     0.040
  0  0  0  0  0  0  0  0  2  0  0   0.00000   0.03747     0.500
  0  0  0  0  0  0  0  0  2  0  2 180.00000   0.00003     0.035
  0  0  0  0  0  0  0  0  2  1  0   0.00000   0.00585     0.066
  0  0  0  0  0  0  0  0  2  1  2 180.00000   0.00001     0.024
  0  0  0  0  0  0  0  0  2  2  0   0.00000   0.00033     0.035
  0  0  0  0  0  0  0  0  2  3  0   0.00000   0.00002     0.024
  0  0  0  0  0  0  0  0  3 -2  0   0.00000   0.00003     0.043
  0  0  0  0  0  0  0  0  3 -1  0   0.00000   0.00039     0.098
  0  0  0  0  0  0  0  0  3  0  0   0.00000   0.00076     0.333
  0  0  0  0  0  0  0  0  3  1  0   0.00000   0.00014     0.062
  0  0  0  0  0  0  0  0  4 -1  0   0.00000   0.00001     0.108
  0  0  0  0  0  0  0  0  4  0  0   0.00000   0.00001     0.250
  0  0  0  0  0  0  0  1 -3  0  0 180.00000   0.00002     0.107
  0  0  0  0  0  0  0  1 -2 -1  0 180.00000   0.00001     0.346
  0  0  0  0  0  0  0  1 -2  0  0 180.00000   0.00022     0.096
  0  0  0  0  0  0  0  1 -1 -2  0   0.00000   0.00002     0.066
  0  0  0  0  0  0  0  1 -1 -1  0   0.00000   0.00034     0.530
  0  0  0  0  0  0  0  1 -1  0 -2   0.00000   0.00003     0.065
  0  0  0  0  0  0  0  1 -1  0  0   0.00000   0.00141     0.088
  0  0  0  0  0  0  0  1 -1  1  0   0.00000   0.00030     0.041
  0  0  0  0  0  0  0  1 -1  2  0   0.00000   0.00004     0.026
  0  0  0  0  0  0  0  1  0 -2  0   0.00000   0.00002     0.071
  0  0  0  0  0  0  0  1  0 -1  0   0.00000   0.00004     1.127
  0  0  0  0  0  0  0  1  0  0  0   0.00000   0.00011     0.081
  0  0  0  0  0  0  0  1  0  1  0 180.00000   0.00003     0.039
  0  0  0  0  0  0  0  1  1 -3  0 180.00000   0.00006     0.038
  0  0  0  0  0  0  0  1  1 -2  0 180.00000   0.00088     0.076
  0  0  0  0  0  0  0  1  1 -1  0 180.00000   0.00270     8.850
  0  0  0  0  0  0  0  1  1  0  0 180.00000   0.04516     0.075
  0  0  0  0  0  0  0  1  1  0  2   0.00000   0.00009     0.025
  0  0  0  0  0  0  0  1  1  1  0 180.00000   0.00317     0.038
  0  0  0  0  0  0  0  1  1  1  2   0.00000   0.00002     0.019
  0  0  0  0  0  0  0  1  1  2  0 180.00000   0.00023     0.025
  0  0  0  0  0  0  0  1  1  3  0 180.00000   0.00002     0.019
  0  0  0  0  0  0  0  1  2 -2  0 180.00000   0.00002     0.082
  0  0  0  0  0  0  0  1  2 -1  0   0.00000   0.00002     0.898
  0  0  0  0  0  0  0  1  2  0  0   0.00000   0.00020     0.070
  0  0  0  0  0  0  0  1  2  1  0   0.00000   0.00004     0.036
  0  0  0  0  0  0  0  2 -4 -1  0 180.00000   0.00008     0.134
  0  0  0  0  0  0  0  2 -4  0  0 180.00000   0.00013     0.048
  0  0  0  0  0  0  0  2 -4  1  0 180.00000   0.00001     0.029
  0  0  0  0  0  0  0  2 -3 -2  0 180.00000   0.00007     0.209
  0  0  0  0  0  0  0  2 -3 -1  0 180.00000   0.00186     0.118
  0  0  0  0  0  0  0  2 -3  0 -2 180.00000   0.00001     0.196
  0  0  0  0  0  0  0  2 -3  0  0 180.00000   0.00256     0.046
  0  0  0  0  0  0  0  2 -3  1  0 180.00000   0.00025     0.029
  0  0  0  0  0  0  0  2 -3  2  0 180.00000   0.00002     0.021
  0  0  0  0  0  0  0  2 -2 -3  0 180.00000   0.00008     0.059
  0  0  0  0  0  0  0  2 -2 -2  0 180.00000   0.00148     0.265
  0  0  0  0  0  0  0  2 -2 -1 -2   0.00000   0.00002     0.058
  0  0  0  0  0  0  0  2 -2 -1  0 180.00000   0.03707     0.105
  0  0  0  0  0  0  0  2 -2 -1  2   0.00000   0.00008     0.028
  0  0  0  0  0  0  0  2 -2  0 -2 180.00000   0.00032     0.243
  0  0  0  0  0  0  0  2 -2  0  0 180.00000   0.04048     0.044
  0  0  0  0  0  0  0  2 -2  0  2   0.00000   0.00009     0.020
  0  0  0  0  0  0  0  2 -2  1 -2   0.00000   0.00008     0.109
  0  0  0  0  0  0  0  2 -2  1  0 180.00000   0.00378     0.028
  0  0  0  0  0  0  0  2 -2  1  2   0.00000   0.00002     0.016
  0  0  0  0  0  0  0  2 -2  2  0 180.00000   0.00032     0.020
  0  0  0  0  0  0  0  2 -2  3  0 180.00000   0.00003     0.016
  0  0  0  0  0  0  0  2 -1 -4  0 180.00000   0.00007     0.034
  0  0  0  0  0  0  0  2 -1 -3  0 180.00000   0.00120     0.062
  0  0  0  0  0  0  0  2 -1 -2 -2   0.00000   0.00007     0.034
  0  0  0  0  0  0  0  2 -1 -2  0 180.00000   0.02165     0.360
  0  0  0  0  0  0  0  2 -1 -2  2   0.00000   0.00005     0.042
  0  0  0  0  0  0  0  2 -1 -1 -2   0.00000   0.00015     0.061
  0  0  0  0  0  0  0  2 -1 -1  0 180.00000   0.51642     0.095
  0  0  0  0  0  0  0  2 -1 -1  2   0.00000   0.00107     0.027
  0  0  0  0  0  0  0  2 -1  0 -2 180.00000   0.00539     0.322
  0  0  0  0  0  0  0  2 -1  0  0 180.00000   0.41383     0.042
  0  0  0  0  0  0  0  2 -1  0  2   0.00000   0.00096     0.020
  0  0  0  0  0  0  0  2 -1  1 -2   0.00000   0.00094     0.099
  0  0  0  0  0  0  0  2 -1  1  0 180.00000   0.03649     0.027
  0  0  0  0  0  0  0  2 -1  1  2   0.00000   0.00019     0.016
  0  0  0  0  0  0  0  2 -1  2 -2   0.00000   0.00007     0.043
  0  0  0  0  0  0  0  2 -1  2  0 180.00000   0.00295     0.020
  0  0  0  0  0  0  0  2 -1  2  2   0.00000   0.00003     0.013
  0  0  0  0  0  0  0  2 -1  3  0 180.00000   0.00023     0.016
  0  0  0  0  0  0  0  2 -1  4  0 180.00000   0.00002     0.013
  0  0  0  0  0  0  0  2  0 -3  0 180.00000   0.00003     0.067
  0  0  0  0  0  0  0  2  0 -2  0 180.00000   0.00031     0.564
  0  0  0  0  0  0  0  2  0 -1  0   0.00000   0.00819     0.087
  0  0  0  0  0  0  0  2  0 -1  2 180.00000   0.00002     0.026
  0  0  0  0  0  0  0  2  0  0 -2   0.00000   0.00029     0.474
  0  0  0  0  0  0  0  2  0  0  0   0.00000   0.01072     0.040
  0  0  0  0  0  0  0  2  0  0  2 180.00000   0.00003     0.019
  0  0  0  0  0  0  0  2  0  1 -2 180.00000   0.00005     0.090
  0  0  0  0  0  0  0  2  0  1  0   0.00000   0.00128     0.026
  0  0  0  0  0  0  0  2  0  2  0   0.00000   0.00013     0.020
  0  0  0  0  0  0  0  2  0  3  0   0.00000   0.00001     0.016
  0  0  0  0  0  0  0  2  1 -4  0 180.00000   0.00005     0.037
  0  0  0  0  0  0  0  2  1 -3  0 180.00000   0.00045     0.071
  0  0  0  0  0  0  0  2  1 -2  0 180.00000   0.00631     1.292
  0  0  0  0  0  0  0  2  1 -1  0   0.00000   0.07118     0.080
  0  0  0  0  0  0  0  2  1 -1  2 180.00000   0.00017     0.025
  0  0  0  0  0  0  0  2  1  0 -2   0.00000   0.00362     0.903
  0  0  0  0  0  0  0  2  1  0  0   0.00000   0.06128     0.039
  0  0  0  0  0  0  0  2  1  0  2 180.00000   0.00016     0.019
  0  0  0  0  0  0  0  2  1  1 -2 180.00000   0.00021     0.082
  0  0  0  0  0  0  0  2  1  1  0   0.00000   0.00734     0.026
  0  0  0  0  0  0  0  2  1  1  2 180.00000   0.00004     0.015
  0  0  0  0  0  0  0  2  1  2 -2 180.00000   0.00002     0.039
  0  0  0  0  0  0  0  2  1  2  0   0.00000   0.00073     0.019
  0  0  0  0  0  0  0  2  1  3  0   0.00000   0.00007     0.015
  0  0  0  0  0  0  0  2  2 -3  0   0.00000   0.00005     0.077
  0  0  0  0  0  0  0  2  2 -2  0   0.00000   0.00126     4.425
  0  0  0  0  0  0  0  2  2 -1 -2   0.00000   0.00003     0.075
  0  0  0  0  0  0  0  2  2 -1  0   0.00000   0.01270     0.074
  0  0  0  0  0  0  0  2  2 -1  2 180.00000   0.00003     0.025
  0  0  0  0  0  0  0  2  2  0 -2   0.00000   0.00012     9.300
  0  0  0  0  0  0  0  2  2  0  0   0.00000   0.00094     0.037
  0  0  0  0  0  0  0  2  2  1  0   0.00000   0.00007     0.025
  0  0  0  0  0  0  0  2  3 -1  0   0.00000   0.00001     0.069
  0  0  0  0  0  0  0  3 -2 -2  0   0.00000   0.00002     0.116
  0  0  0  0  0  0  0  3 -2 -1  0   0.00000   0.00006     0.046
  0  0  0  0  0  0  0  3 -2  0  0 180.00000   0.00003     0.028
  0  0  0  0  0  0  0  3 -1 -2  0   0.00000   0.00021     0.104
  0  0  0  0  0  0  0  3 -1 -1  0   0.00000   0.00058     0.044
  0  0  0  0  0  0  0  3 -1  0 -2   0.00000   0.00005     0.108
  0  0  0  0  0  0  0  3 -1  0  0 180.00000   0.00017     0.028
  0  0  0  0  0  0  0  3  0 -1  0 180.00000   0.00007     0.042
  0  0  0  0  0  0  0  3  0  0  0 180.00000   0.00004     0.027
  0  0  0  0  0  0  0  3  1 -3  0   0.00000   0.00002     0.602
  0  0  0  0  0  0  0  3  1 -2  0   0.00000   0.00011     0.086
  0  0  0  0  0  0  0  3  1 -1  0 180.00000   0.00069     0.040
  0  0  0  0  0  0  0  3  1  0 -2 180.00000   0.00002     0.089
  0  0  0  0  0  0  0  3  1  0  0 180.00000   0.00038     0.026
  0  0  0  0  0  0  0  3  1  1  0 180.00000   0.00006     0.019
  0  0  0  0  0  0  0  4 -3 -2  0 180.00000   0.00006     0.050
  0  0  0  0  0  0  0  4 -3 -1  0 180.00000   0.00013     0.030
  0  0  0  0  0  0  0  4 -3  0  0 180.00000   0.00007     0.022
  0  0  0  0  0  0  0  4 -3  1  0 180.00000   0.00001     0.017
  0  0  0  0  0  0  0  4 -2 -3  0 180.00000   0.00003     0.130
  0  0  0  0  0  0  0  4 -2 -2  0 180.00000   0.00079     0.048
  0  0  0  0  0  0  0  4 -2 -1  0 180.00000   0.00155     0.029
  0  0  0  0  0  0  0  4 -2  0  0 180.00000   0.00076     0.021
  0  0  0  0  0  0  0  4 -2  1  0 180.00000   0.00012     0.016
  0  0  0  0  0  0  0  4 -2  2  0 180.00000   0.00001     0.014
  0  0  0  0  0  0  0  4 -1 -3  0 180.00000   0.00025     0.115
  0  0  0  0  0  0  0  4 -1 -2  0 180.00000   0.00686     0.046
  0  0  0  0  0  0  0  4 -1 -2  2   0.00000   0.00004     0.020
  0  0  0  0  0  0  0  4 -1 -1 -2 180.00000   0.00006     0.119
  0  0  0  0  0  0  0  4 -1 -1  0 180.00000   0.01097     0.028
  0  0  0  0  0  0  0  4 -1 -1  2   0.00000   0.00006     0.016
  0  0  0  0  0  0  0  4 -1  0 -2 180.00000   0.00002     0.046
  0  0  0  0  0  0  0  4 -1  0  0 180.00000   0.00469     0.021
  0  0  0  0  0  0  0  4 -1  0  2   0.00000   0.00003     0.013
  0  0  0  0  0  0  0  4 -1  1 -2   0.00000   0.00002     0.029
  0  0  0  0  0  0  0  4 -1  1  0 180.00000   0.00071     0.016
  0  0  0  0  0  0  0  4 -1  2  0 180.00000   0.00008     0.013
  0  0  0  0  0  0  0  4  0 -2  0   0.00000   0.00018     0.044
  0  0  0  0  0  0  0  4  0 -1  0   0.00000   0.00041     0.028
  0  0  0  0  0  0  0  4  0  0  0   0.00000   0.00022     0.020
  0  0  0  0  0  0  0  4  0  1  0   0.00000   0.00004     0.016
  0  0  0  0  0  0  0  4  1 -3  0 180.00000   0.00007     0.093
  0  0  0  0  0  0  0  4  1 -2  0   0.00000   0.00090     0.042
  0  0  0  0  0  0  0  4  1 -1 -2   0.00000   0.00005     0.096
  0  0  0  0  0  0  0  4  1 -1  0   0.00000   0.00160     0.027
  0  0  0  0  0  0  0  4  1  0  0   0.00000   0.00073     0.020
  0  0  0  0  0  0  0  4  1  1  0   0.00000   0.00013     0.016
  0  0  0  0  0  0  0  4  1  2  0   0.00000   0.00002     0.013
  0  0  0  0  0  0  0  4  2 -3  0   0.00000   0.00002     0.085
  0  0  0  0  0  0  0  4  2 -2  0   0.00000   0.00018     0.040
  0  0  0  0  0  0  0  4  2 -1  0   0.00000   0.00011     0.026
  0  0  0  0  0  0  0  4  2  0  0   0.00000   0.00001     0.019
  0  0  0  0  0  0  0  5 -1 -2  0   0.00000   0.00002     0.029
  0  0  0  0  0  0  0  5  1 -1  0 180.00000   0.00001     0.020
  0  0  0  0  0  0  0  6 -2 -3  0 180.00000   0.00002     0.031
  0  0  0  0  0  0  0  6 -2 -2  0 180.00000   0.00004     0.022
  0  0  0  0  0  0  0  6 -2 -1  0 180.00000   0.00004     0.017
  0  0  0  0  0  0  0  6 -2  0  0 180.00000   0.00001     0.014
  0  0  0  0  0  0  0  6 -1 -3  0 180.00000   0.00010     0.030
  0  0  0  0  0  0  0  6 -1 -2  0 180.00000   0.00023     0.021
  0  0  0  0  0  0  0  6 -1 -1  0 180.00000   0.00018     0.017
  0  0  0  0  0  0  0  6 -1  0  0 180.00000   0.00006     0.014
  0  0  0  0  0  0  0  6 -1  1  0 180.00000   0.00001     0.012
  0  0  0  0  0  0  0  6  0 -2  0   0.00000   0.00001     0.021
  0  0  0  0  0  0  0  6  0 -1  0   0.00000   0.00001     0.016
  0  0  0  0  0  0  0  6  1 -3  0   0.00000   0.00001     0.028
  0  0  0  0  0  0  0  6  1 -2  0   0.00000   0.00003     0.021
  0  0  0  0  0  0  0  6  1 -1  0   0.00000   0.00003     0.016
  0  0  1  0  0  0  0 -1  0 -1  1  14.81311   0.00001     0.089
  0  0  1  0  0  0  0 -1  0  0  1 194.81311   0.00007     0.487
  0  0  1  0  0  0  0 -1  0  1 -1  14.81311   0.00006     0.087
  0  0  1  0  0  0  0  1  0 -2 -1 194.81311   0.00004     0.038
  0  0  1  0  0  0  0  1  0 -1 -1 194.81311   0.00053     0.075
  0  0  1  0  0  0  0  1  0 -1  1 194.81311   0.00007     0.074
  0  0  1  0  0  0  0  1  0  0 -1 194.81311   0.00247    18.600
  0  0  1  0  0  0  0  1  0  0  1 194.81311   0.00052     0.037
  0  0  1  0  0  0  0  1  0  1 -1 194.81311   0.00053     0.076
  0  0  1  0  0  0  0  1  0  1  1 194.81311   0.00006     0.025
  0  0  1  0  0  0  0  1  0  2 -1 194.81311   0.00004     0.038
  0  0  1  0  0  0  0  3  0 -1 -1  14.81311   0.00004     0.088
  0  0  1  0  0  0  0  3  0 -1  1 194.81311   0.00001     0.026
  0  0  1  0  0  0  0  3  0  0 -1 194.81311   0.00005     0.041
