PLANETARY PERTURBATIONS. TABLE 2. LATITUDE/T
  0  0  0  0  0  0  0  0  0  0  1   0.00000   0.00007     0.075
  0  0  0  0  0  0  0  0  0  1 -1   0.00000   0.00008     5.997
  0  0  0  0  0  0  0  0  0  1  1   0.00000   0.00008     0.037
  0  0  0  0  0  0  0  0  0  2 -1   0.00000   0.00005     0.076
  0  0  0  0  0  0  0  0  0  2  1   0.00000   0.00003     0.025
  0  0  0  0  0  0  0  0  1 -4 -1   0.00000   0.00002     0.015
  0  0  0  0  0  0  0  0  1 -3 -1   0.00000   0.00019     0.019
  0  0  0  0  0  0  0  0  1 -3  1   0.00000   0.00006     0.039
  0  0  0  0  0  0  0  0  1 -2 -1   0.00000   0.00200     0.026
  0  0  0  0  0  0  0  0  1 -2  1   0.00000   0.00076     0.083
  0  0  0  0  0  0  0  0  1 -1 -3 180.00000   0.00002     0.019
  0  0  0  0  0  0  0  0  1 -1 -1   0.00000   0.01696     0.039
  0  0  0  0  0  0  0  0  1 -1  1   0.00000   0.01419     0.857
  0  0  0  0  0  0  0  0  1 -1  3   0.00000   0.00002     0.036
  0  0  0  0  0  0  0  0  1  0 -1   0.00000   0.01215     0.081
  0  0  0  0  0  0  0  0  1  0  1   0.00000   0.01623     0.069
  0  0  0  0  0  0  0  0  1  0  3 180.00000   0.00003     0.024
  0  0  0  0  0  0  0  0  1  1 -3   0.00000   0.00002     0.038
  0  0  0  0  0  0  0  0  1  1 -1   0.00000   0.01279     1.200
  0  0  0  0  0  0  0  0  1  1  1   0.00000   0.01338     0.036
  0  0  0  0  0  0  0  0  1  1  3 180.00000   0.00002     0.018
  0  0  0  0  0  0  0  0  1  2 -1   0.00000   0.00079     0.071
  0  0  0  0  0  0  0  0  1  2  1   0.00000   0.00161     0.024
  0  0  0  0  0  0  0  0  1  3 -1   0.00000   0.00006     0.037
  0  0  0  0  0  0  0  0  1  3  1   0.00000   0.00016     0.018
  0  0  0  0  0  0  0  0  1  4  1   0.00000   0.00001     0.015
  0  0  0  0  0  0  0  0  2 -2 -1   0.00000   0.00008     0.026
  0  0  0  0  0  0  0  0  2 -2  1   0.00000   0.00003     0.090
  0  0  0  0  0  0  0  0  2 -1 -1   0.00000   0.00057     0.041
  0  0  0  0  0  0  0  0  2 -1  1   0.00000   0.00048     0.462
  0  0  0  0  0  0  0  0  2  0 -1   0.00000   0.00009     0.088
  0  0  0  0  0  0  0  0  2  0  1   0.00000   0.00029     0.065
  0  0  0  0  0  0  0  0  2  1 -1   0.00000   0.00031     0.545
  0  0  0  0  0  0  0  0  2  1  1   0.00000   0.00028     0.035
  0  0  0  0  0  0  0  0  2  2 -1   0.00000   0.00001     0.066
  0  0  0  0  0  0  0  0  2  2  1   0.00000   0.00003     0.024
  0  0  0  0  0  0  0  0  3 -1 -1   0.00000   0.00002     0.042
  0  0  0  0  0  0  0  0  3 -1  1   0.00000   0.00001     0.316
  0  0  0  0  0  0  0  1 -2  0 -1 180.00000   0.00001     0.327
  0  0  0  0  0  0  0  1 -2  0  1 180.00000   0.00001     0.042
  0  0  0  0  0  0  0  1 -1 -1 -1 180.00000   0.00003     0.065
  0  0  0  0  0  0  0  1 -1  0 -1   0.00000   0.00003     0.487
  0  0  0  0  0  0  0  1 -1  0  1   0.00000   0.00005     0.040
  0  0  0  0  0  0  0  1 -1  1 -1   0.00000   0.00005     0.089
  0  0  0  0  0  0  0  1 -1  1  1   0.00000   0.00002     0.026
  0  0  0  0  0  0  0  1  1 -2 -1 180.00000   0.00004     0.038
  0  0  0  0  0  0  0  1  1 -2  1 180.00000   0.00004     3.575
  0  0  0  0  0  0  0  1  1 -1 -1 180.00000   0.00002     0.075
  0  0  0  0  0  0  0  1  1 -1  1   0.00000   0.00014     0.074
  0  0  0  0  0  0  0  1  1  0 -1 180.00000   0.00202    18.600
  0  0  0  0  0  0  0  1  1  0  1 180.00000   0.00202     0.037
  0  0  0  0  0  0  0  1  1  1 -1 180.00000   0.00009     0.076
  0  0  0  0  0  0  0  1  1  1  1 180.00000   0.00026     0.025
  0  0  0  0  0  0  0  1  1  2  1 180.00000   0.00003     0.019
  0  0  0  0  0  0  0  1  2  0  1   0.00000   0.00001     0.036
  0  0  0  0  0  0  0  2 -4  0 -1 180.00000   0.00001     0.137
  0  0  0  0  0  0  0  2 -3 -1 -1 180.00000   0.00007     0.202
  0  0  0  0  0  0  0  2 -3 -1  1 180.00000   0.00008     0.046
  0  0  0  0  0  0  0  2 -3  0 -1 180.00000   0.00028     0.120
  0  0  0  0  0  0  0  2 -3  0  1 180.00000   0.00012     0.028
  0  0  0  0  0  0  0  2 -3  1 -1 180.00000   0.00002     0.046
  0  0  0  0  0  0  0  2 -3  1  1 180.00000   0.00002     0.021
  0  0  0  0  0  0  0  2 -2 -2 -1 180.00000   0.00011     0.058
  0  0  0  0  0  0  0  2 -2 -1 -1 180.00000   0.00135     0.254
  0  0  0  0  0  0  0  2 -2 -1  1 180.00000   0.00158     0.044
  0  0  0  0  0  0  0  2 -2  0 -3 180.00000   0.00001     0.057
  0  0  0  0  0  0  0  2 -2  0 -1 180.00000   0.00546     0.107
  0  0  0  0  0  0  0  2 -2  0  1 180.00000   0.00193     0.028
  0  0  0  0  0  0  0  2 -2  1 -1 180.00000   0.00035     0.044
  0  0  0  0  0  0  0  2 -2  1  1 180.00000   0.00029     0.020
  0  0  0  0  0  0  0  2 -2  2 -1 180.00000   0.00003     0.028
  0  0  0  0  0  0  0  2 -2  2  1 180.00000   0.00003     0.016
  0  0  0  0  0  0  0  2 -1 -4 -1 180.00000   0.00001     0.023
  0  0  0  0  0  0  0  2 -1 -3 -1 180.00000   0.00014     0.034
  0  0  0  0  0  0  0  2 -1 -3  1 180.00000   0.00002     0.384
  0  0  0  0  0  0  0  2 -1 -2 -1 180.00000   0.00164     0.062
  0  0  0  0  0  0  0  2 -1 -2  1   0.00000   0.00016     0.094
  0  0  0  0  0  0  0  2 -1 -1 -3 180.00000   0.00003     0.034
  0  0  0  0  0  0  0  2 -1 -1 -1 180.00000   0.01869     0.340
  0  0  0  0  0  0  0  2 -1 -1  1 180.00000   0.02229     0.042
  0  0  0  0  0  0  0  2 -1 -1  3   0.00000   0.00003     0.020
  0  0  0  0  0  0  0  2 -1  0 -3 180.00000   0.00022     0.060
  0  0  0  0  0  0  0  2 -1  0 -1 180.00000   0.07430     0.097
  0  0  0  0  0  0  0  2 -1  0  1 180.00000   0.01999     0.027
  0  0  0  0  0  0  0  2 -1  0  3   0.00000   0.00002     0.016
  0  0  0  0  0  0  0  2 -1  1 -3   0.00000   0.00004     0.305
  0  0  0  0  0  0  0  2 -1  1 -1 180.00000   0.00443     0.042
  0  0  0  0  0  0  0  2 -1  1  1 180.00000   0.00285     0.020
  0  0  0  0  0  0  0  2 -1  2 -1 180.00000   0.00032     0.027
  0  0  0  0  0  0  0  2 -1  2  1 180.00000   0.00031     0.016
  0  0  0  0  0  0  0  2 -1  3 -1 180.00000   0.00002     0.020
  0  0  0  0  0  0  0  2 -1  3  1 180.00000   0.00003     0.013
  0  0  0  0  0  0  0  2  0 -1 -1   0.00000   0.00026     0.515
  0  0  0  0  0  0  0  2  0 -1  1   0.00000   0.00037     0.040
  0  0  0  0  0  0  0  2  0  0 -3   0.00000   0.00001     0.064
  0  0  0  0  0  0  0  2  0  0 -1   0.00000   0.00295     0.088
  0  0  0  0  0  0  0  2  0  0  1   0.00000   0.00053     0.026
  0  0  0  0  0  0  0  2  0  1 -1   0.00000   0.00022     0.041
  0  0  0  0  0  0  0  2  0  1  1   0.00000   0.00010     0.019
  0  0  0  0  0  0  0  2  0  2 -1   0.00000   0.00002     0.026
  0  0  0  0  0  0  0  2  0  2  1   0.00000   0.00001     0.015
  0  0  0  0  0  0  0  2  1 -3 -1 180.00000   0.00005     0.036
  0  0  0  0  0  0  0  2  1 -2 -1 180.00000   0.00020     0.070
  0  0  0  0  0  0  0  2  1 -2  1 180.00000   0.00014     0.079
  0  0  0  0  0  0  0  2  1 -1 -1   0.00000   0.00198     1.063
  0  0  0  0  0  0  0  2  1 -1  1   0.00000   0.00330     0.039
  0  0  0  0  0  0  0  2  1  0 -3   0.00000   0.00014     0.069
  0  0  0  0  0  0  0  2  1  0 -1   0.00000   0.03043     0.081
  0  0  0  0  0  0  0  2  1  0  1   0.00000   0.00318     0.026
  0  0  0  0  0  0  0  2  1  1 -3 180.00000   0.00001     0.785
  0  0  0  0  0  0  0  2  1  1 -1   0.00000   0.00207     0.039
  0  0  0  0  0  0  0  2  1  1  1   0.00000   0.00060     0.019
  0  0  0  0  0  0  0  2  1  2 -1   0.00000   0.00016     0.026
  0  0  0  0  0  0  0  2  1  2  1   0.00000   0.00008     0.015
  0  0  0  0  0  0  0  2  1  3 -1   0.00000   0.00001     0.019
  0  0  0  0  0  0  0  2  2 -2 -1   0.00000   0.00006     0.076
  0  0  0  0  0  0  0  2  2 -2  1   0.00000   0.00003     0.073
  0  0  0  0  0  0  0  2  2 -1 -1   0.00000   0.00053    16.885
  0  0  0  0  0  0  0  2  2 -1  1   0.00000   0.00057     0.037
  0  0  0  0  0  0  0  2  2  0 -1   0.00000   0.00068     0.075
  0  0  0  0  0  0  0  2  2  0  1   0.00000   0.00007     0.025
  0  0  0  0  0  0  0  2  2  1 -1   0.00000   0.00003     0.038
  0  0  0  0  0  0  0  3 -1 -1 -1   0.00000   0.00005     0.106
  0  0  0  0  0  0  0  3 -1 -1  1   0.00000   0.00003     0.028
  0  0  0  0  0  0  0  3 -1  0 -1   0.00000   0.00006     0.044
  0  0  0  0  0  0  0  3  1 -1 -1 180.00000   0.00003     0.088
  0  0  0  0  0  0  0  3  1 -1  1 180.00000   0.00005     0.026
  0  0  0  0  0  0  0  3  1  0 -1 180.00000   0.00009     0.041
  0  0  0  0  0  0  0  3  1  0  1 180.00000   0.00003     0.019
  0  0  0  0  0  0  0  3  1  1 -1 180.00000   0.00001     0.026
  0  0  0  0  0  0  0  4 -3 -1 -1 180.00000   0.00001     0.051
  0  0  0  0  0  0  0  4 -3 -1  1 180.00000   0.00001     0.021
  0  0  0  0  0  0  0  4 -3  0 -1 180.00000   0.00001     0.030
  0  0  0  0  0  0  0  4 -2 -2 -1 180.00000   0.00001     0.133
  0  0  0  0  0  0  0  4 -2 -2  1 180.00000   0.00006     0.029
  0  0  0  0  0  0  0  4 -2 -1 -1 180.00000   0.00017     0.048
  0  0  0  0  0  0  0  4 -2 -1  1 180.00000   0.00012     0.021
  0  0  0  0  0  0  0  4 -2  0 -1 180.00000   0.00015     0.029
  0  0  0  0  0  0  0  4 -2  0  1 180.00000   0.00006     0.016
  0  0  0  0  0  0  0  4 -2  1 -1 180.00000   0.00002     0.021
  0  0  0  0  0  0  0  4 -2  1  1 180.00000   0.00001     0.013
  0  0  0  0  0  0  0  4 -1 -2 -1 180.00000   0.00013     0.117
  0  0  0  0  0  0  0  4 -1 -2  1 180.00000   0.00054     0.028
  0  0  0  0  0  0  0  4 -1 -1 -1 180.00000   0.00149     0.046
  0  0  0  0  0  0  0  4 -1 -1  1 180.00000   0.00085     0.021
  0  0  0  0  0  0  0  4 -1  0 -3 180.00000   0.00001     0.122
  0  0  0  0  0  0  0  4 -1  0 -1 180.00000   0.00104     0.029
  0  0  0  0  0  0  0  4 -1  0  1 180.00000   0.00040     0.016
  0  0  0  0  0  0  0  4 -1  1 -1 180.00000   0.00014     0.021
  0  0  0  0  0  0  0  4 -1  1  1 180.00000   0.00008     0.013
  0  0  0  0  0  0  0  4 -1  2 -1 180.00000   0.00002     0.016
  0  0  0  0  0  0  0  4 -1  2  1 180.00000   0.00001     0.011
  0  0  0  0  0  0  0  4  0 -2  1   0.00000   0.00001     0.027
  0  0  0  0  0  0  0  4  0 -1 -1   0.00000   0.00008     0.044
  0  0  0  0  0  0  0  4  0 -1  1   0.00000   0.00003     0.020
  0  0  0  0  0  0  0  4  0  0 -1   0.00000   0.00007     0.028
  0  0  0  0  0  0  0  4  0  0  1   0.00000   0.00002     0.016
  0  0  0  0  0  0  0  4  0  1 -1   0.00000   0.00001     0.020
  0  0  0  0  0  0  0  4  1 -2  1   0.00000   0.00007     0.027
  0  0  0  0  0  0  0  4  1 -1 -1   0.00000   0.00043     0.042
  0  0  0  0  0  0  0  4  1 -1  1   0.00000   0.00013     0.020
  0  0  0  0  0  0  0  4  1  0 -1   0.00000   0.00028     0.027
  0  0  0  0  0  0  0  4  1  0  1   0.00000   0.00006     0.016
  0  0  0  0  0  0  0  4  1  1 -1   0.00000   0.00004     0.020
  0  0  0  0  0  0  0  4  1  1  1   0.00000   0.00001     0.013
  0  0  0  0  0  0  0  4  2 -2  1   0.00000   0.00001     0.026
  0  0  0  0  0  0  0  4  2 -1 -1   0.00000   0.00002     0.040
  0  0  0  0  0  0  0  6 -1 -3  1 180.00000   0.00001     0.021
  0  0  0  0  0  0  0  6 -1 -2 -1 180.00000   0.00003     0.030
  0  0  0  0  0  0  0  6 -1 -2  1 180.00000   0.00002     0.017
  0  0  0  0  0  0  0  6 -1 -1 -1 180.00000   0.00004     0.021
  0  0  0  0  0  0  0  6 -1 -1  1 180.00000   0.00002     0.014
  0  0  0  0  0  0  0  6 -1  0 -1 180.00000   0.00002     0.017
  0  0  1  0  0  0  0 -1  0 -1  0 194.81311   0.00002     0.041
  0  0  1  0  0  0  0 -1  0  0  0 194.81311   0.00041     0.088
  0  0  1  0  0  0  0 -1  0  1  0 194.81311   0.00010     0.530
  0  0  1  0  0  0  0 -1  1  0  0 194.81311   0.00002     0.096
  0  0  1  0  0  0  0  1  0 -2  0 194.81311   0.00002     0.076
  0  0  1  0  0  0  0  1  0 -1 -2 194.81311   0.00003     0.037
  0  0  1  0  0  0  0  1  0 -1  0 194.81311   0.00066     8.850
  0  0  1  0  0  0  0  1  0  0 -2 194.81311   0.00008     0.074
  0  0  1  0  0  0  0  1  0  0  0  14.81311   0.01172     0.075
  0  0  1  0  0  0  0  1  0  0  2 194.81311   0.00001     0.025
  0  0  1  0  0  0  0  1  0  1 -2 194.81311   0.00002     4.535
  0  0  1  0  0  0  0  1  0  1  0  14.81311   0.00062     0.038
  0  0  1  0  0  0  0  1  0  2  0  14.81311   0.00004     0.025
  0  0  1  0  0  0  0  3  0 -1  0  14.81311   0.00013     0.040
  0  0  1  0  0  0  0  3  0  0  0  14.81311   0.00007     0.026
