MOON FIGURE PERTURBATIONS.LATITUDE
  0  0  0  1 -1   0.02199   0.00003     5.997
  0  0  0  1  0 245.99067   0.00001     0.075
  0  0  0  1  1   0.00530   0.00001     0.037
  0  0  0  2 -3   0.42283   0.00002     0.073
  0  0  0  2 -1   0.74505   0.00001     0.076
  0  0  1 -1 -1 359.99982   0.00001     0.039
  0  0  1  0 -1 359.99982   0.00010     0.081
  0  0  1  0  1 359.99982   0.00010     0.069
  0  0  1  1  1 359.99982   0.00001     0.036
  0  2  0 -2 -1 179.98356   0.00001     0.066
  0  2  0 -2  1 179.98353   0.00001     0.086
  0  2  0  0 -1 179.99478   0.00005     0.088
