MOON FIGURE PERTURBATIONS.LONGITUDE
  0  0  0  0  1 303.96185   0.00004     0.075
  0  0  0  1 -1 259.88393   0.00016     5.997
  0  0  0  2 -2   0.43020   0.00040     2.998
  0  0  0  3 -2   0.43379   0.00002     0.077
  0  0  1 -1  0 359.99858   0.00014     0.082
  0  0  1  0  0 359.99982   0.00223     1.000
  0  0  1  1  0 359.99961   0.00014     0.070
  0  1  0 -1  0 359.99331   0.00009     1.127
  0  1  0  0  0 359.99537   0.00001     0.081
  0  1  1 -1  0   0.06418   0.00003     8.850
  0  2 -1 -1  0 180.00095   0.00004     0.095
  0  2 -1  0  0 180.00014   0.00003     0.042
  0  2  0 -3  0 179.98126   0.00001     0.067
  0  2  0 -2  0 179.98366   0.00025     0.564
  0  2  0 -1  0 179.99638   0.00014     0.087
  0  2  0  0 -2 179.95864   0.00003     0.474
  0  2  0  0  0 179.99904   0.00002     0.040
  0  2  1 -2  0 179.99184   0.00002     1.292
  0  2  1 -1  0   0.00313   0.00002     0.080
  0  2  1  0  0 359.99965   0.00002     0.039
