PLANETARY PERTURBATIONS(SOLAR ECCENTRICITY).DISTANCE
  0  0  1 -2  0  90.00000   0.00005     0.039
  0  0  1 -1  0  90.00000   0.00095     0.082
  0  0  1  0  0 270.00000   0.00036     1.000
  0  0  1  1  0 270.00000   0.00077     0.070
  0  0  1  2  0 270.00000   0.00004     0.036
  0  0  2 -1  0  90.00000   0.00003     0.089
  0  1  1  0  0  90.00000   0.00012     0.075
  0  2 -2 -1  0  90.00000   0.00007     0.105
  0  2 -2  0  0  90.00000   0.00014     0.044
  0  2 -1 -2  0 270.00000   0.00007     0.360
  0  2 -1 -1  0  90.00000   0.00111     0.095
  0  2 -1  0  0  90.00000   0.00149     0.042
  0  2 -1  1  0  90.00000   0.00009     0.027
  0  2  0  0  0 270.00000   0.00004     0.040
  0  2  1 -1  0 270.00000   0.00018     0.080
  0  2  1  0  0 270.00000   0.00023     0.039
  0  2  1  1  0 270.00000   0.00002     0.026
  0  2  2 -1  0 270.00000   0.00003     0.074
  0  4 -1 -1  0  90.00000   0.00003     0.028
