MOON FIGURE PERTURBATIONS.DISTANCE
  0  0  0  0  0  90.00000   0.00130 99999.999
  0  0  0  0  1 213.95720   0.00003     0.075
  0  0  0  0  2 270.03745   0.00002     0.037
  0  0  0  1  0  90.07597   0.00004     0.075
  0  0  0  3 -2 270.43429   0.00002     0.077
  0  0  1 -1  0  89.99919   0.00013     0.082
  0  0  1  0  0 270.00007   0.00022     1.000
  0  0  1  1  0 269.99903   0.00011     0.070
  0  2 -1 -1  0  89.99815   0.00002     0.095
  0  2 -1  0  0  90.00052   0.00003     0.042
  0  2  0 -2  0 269.98585   0.00005     0.564
  0  2  0 -1  0  89.99863   0.00013     0.087
  0  2  1 -1  0 269.99982   0.00002     0.080
  0  2  1  0  0 269.99982   0.00003     0.039
