RELATIVISTIC PERTURBATIONS.LONGITUDE
  0  0  1 -1  0 179.93473   0.00006     0.082
  0  0  1  0  0 179.98532   0.00081     1.000
  0  0  1  1  0 179.96323   0.00005     0.070
  0  1  0  0  0   0.00001   0.00013     0.081
  0  1  1  0  0 180.02282   0.00001     0.075
  0  2 -1 -1  0   0.02264   0.00002     0.095
  0  2  0 -1  0 359.98826   0.00002     0.087
  0  2  0  0  0 180.00019   0.00055     0.040
  0  2  0  1  0 180.00017   0.00006     0.026
  0  2  1 -1  0 180.74954   0.00001     0.080
  0  4  0 -1  0 180.00035   0.00001     0.028
