PLANETARY PERTURBATIONS(SOLAR ECCENTRICITY).LONGITUDE
  0  0  1 -2  0   0.00000   0.00007     0.039
  0  0  1 -1  0   0.00000   0.00108     0.082
  0  0  1  0  0   0.00000   0.00487     1.000
  0  0  1  1  0   0.00000   0.00080     0.070
  0  0  1  2  0   0.00000   0.00006     0.036
  0  0  2 -1  0   0.00000   0.00004     0.089
  0  0  2  0  0   0.00000   0.00011     0.500
  0  0  2  1  0   0.00000   0.00002     0.066
  0  1  1  0  0 180.00000   0.00013     0.075
  0  2 -2 -1  0 180.00000   0.00011     0.105
  0  2 -2  0  0 180.00000   0.00012     0.044
  0  2 -2  1  0 180.00000   0.00001     0.028
  0  2 -1 -2  0 180.00000   0.00006     0.360
  0  2 -1 -1  0 180.00000   0.00150     0.095
  0  2 -1  0 -2 180.00000   0.00002     0.322
  0  2 -1  0  0 180.00000   0.00120     0.042
  0  2 -1  1  0 180.00000   0.00011     0.027
  0  2  0 -1  0   0.00000   0.00002     0.087
  0  2  0  0  0   0.00000   0.00003     0.040
  0  2  1 -2  0 180.00000   0.00002     1.292
  0  2  1 -1  0   0.00000   0.00021     0.080
  0  2  1  0 -2   0.00000   0.00001     0.903
  0  2  1  0  0   0.00000   0.00018     0.039
  0  2  1  1  0   0.00000   0.00002     0.026
  0  2  2 -1  0   0.00000   0.00004     0.074
  0  4 -1 -2  0 180.00000   0.00002     0.046
  0  4 -1 -1  0 180.00000   0.00003     0.028
  0  4 -1  0  0 180.00000   0.00001     0.021
