PLANETARY PERTURBATIONS(SOLAR ECCENTRICITY).LATITUDE
  0  0  1 -1 -1   0.00000   0.00005     0.039
  0  0  1 -1  1   0.00000   0.00004     0.857
  0  0  1  0 -1   0.00000   0.00004     0.081
  0  0  1  0  1   0.00000   0.00005     0.069
  0  0  1  1 -1   0.00000   0.00004     1.200
  0  0  1  1  1   0.00000   0.00004     0.036
  0  2 -2  0 -1 180.00000   0.00002     0.107
  0  2 -1 -1 -1 180.00000   0.00005     0.340
  0  2 -1 -1  1 180.00000   0.00006     0.042
  0  2 -1  0 -1 180.00000   0.00022     0.097
  0  2 -1  0  1 180.00000   0.00006     0.027
  0  2 -1  1 -1 180.00000   0.00001     0.042
  0  2  1  0 -1   0.00000   0.00009     0.081
