EARTH FIGURE PERTURBATIONS. LONGITUDE
  0  0  0  0  1 270.00000   0.00003     0.075
  0  0  0  0  2   0.00000   0.00037     0.037
  0  0  0  1 -2 180.00000   0.00480     0.074
  0  0  0  1 -1  90.00000   0.00001     5.997
  0  0  0  2 -2   0.00000   0.00085     2.998
  0  0  0  2  0 180.00000   0.00025     0.038
  0  0  0  3 -2   0.00000   0.00003     0.077
  0  0  0  3  0 180.00000   0.00002     0.025
  0  0  0  4  0 180.00000   0.00001     0.019
  0  0  1 -2  0 180.00000   0.00003     0.039
  0  0  1 -1  0 180.00000   0.00048     0.082
  0  0  1 -1  2 180.00000   0.00001     0.069
  0  0  1  0  0 180.00000   0.00047     1.000
  0  0  1  1 -2 180.00000   0.00005     0.079
  0  0  1  1  0 180.00000   0.00019     0.070
  0  0  1  2  0 180.00000   0.00001     0.036
  0  0  2 -1  0 180.00000   0.00003     0.089
  0  1 -1 -1  0 180.00000   0.00001     0.530
  0  1 -1  0  0 180.00000   0.00015     0.088
  0  1 -1  1  0 180.00000   0.00001     0.041
  0  1  0 -2  0 180.00000   0.00001     0.071
  0  1  0 -1  0 180.00000   0.00004     1.127
  0  1  0  0 -2   0.00000   0.00001     0.069
  0  1  0  0  0 180.00000   0.00100     0.081
  0  1  0  1  0 180.00000   0.00006     0.039
  0  1  1 -1  0   0.00000   0.00019     8.850
  0  1  1  0  0 180.00000   0.00070     0.075
  0  1  1  1  0 180.00000   0.00005     0.038
  0  2 -1 -2  0 180.00000   0.00002     0.360
  0  2 -1 -1  0   0.00000   0.00061     0.095
  0  2 -1  0 -2   0.00000   0.00002     0.322
  0  2 -1  0  0   0.00000   0.00001     0.042
  0  2 -1  1 -2   0.00000   0.00004     0.099
  0  2  0 -3  2 180.00000   0.00001     0.085
  0  2  0 -2  0 180.00000   0.00077     0.564
  0  2  0 -2  2   0.00000   0.00006     0.040
  0  2  0 -1 -2 180.00000   0.00005     0.065
  0  2  0 -1  0   0.00000   0.02206     0.087
  0  2  0  0 -2   0.00000   0.00064     0.474
  0  2  0  0  0   0.00000   0.00102     0.040
  0  2  0  1 -2   0.00000   0.00089     0.090
  0  2  0  1  0   0.00000   0.00004     0.026
  0  2  0  2 -2   0.00000   0.00007     0.041
  0  2  1 -2  0   0.00000   0.00006     1.292
  0  2  1 -1  0 180.00000   0.00006     0.080
  0  2  1  0 -2 180.00000   0.00002     0.903
  0  2  1  0  0 180.00000   0.00001     0.039
  0  2  2 -1  0   0.00000   0.00009     0.074
  0  3  0 -1  0 180.00000   0.00001     0.042
  0  4 -1 -2  0   0.00000   0.00002     0.046
  0  4 -1 -1  0   0.00000   0.00002     0.028
  0  4  0 -2  0   0.00000   0.00026     0.044
  0  4  0 -1 -2   0.00000   0.00002     0.107
  0  4  0 -1  0   0.00000   0.00019     0.028
  0  4  0  0 -2   0.00000   0.00002     0.044
  0  4  0  0  0   0.00000   0.00002     0.020
  0  4  0  1 -2   0.00000   0.00001     0.028
  1 -6  0  0 -1   0.00100   0.00001     0.013
  1 -6  0  1 -1   0.00100   0.00003     0.016
  1 -6  0  2 -1   0.00068   0.00003     0.021
  1 -6  0  3 -1   0.00036   0.00001     0.029
  1 -4 -1  0 -1 180.00103   0.00001     0.020
  1 -4 -1  1 -1 180.00081   0.00002     0.027
  1 -4 -1  1  1 180.00072   0.00002     0.096
  1 -4  0 -2 -1   0.00099   0.00002     0.013
  1 -4  0 -2  1 180.00050   0.00001     0.020
  1 -4  0 -1 -1   0.00109   0.00014     0.016
  1 -4  0 -1  1 180.00050   0.00009     0.028
  1 -4  0  0 -1   0.00100   0.00075     0.020
  1 -4  0  0  1 180.00017   0.00011     0.044
  1 -4  0  1 -3 180.00093   0.00002     0.016
  1 -4  0  1 -1   0.00080   0.00141     0.028
  1 -4  0  1  1   0.00091   0.00022     0.106
  1 -4  0  2 -3 180.00091   0.00001     0.020
  1 -4  0  2 -1   0.00029   0.00065     0.043
  1 -4  1 -1 -1   0.00098   0.00002     0.016
  1 -4  1  0 -1   0.00099   0.00010     0.021
  1 -4  1  1 -1   0.00080   0.00017     0.028
  1 -4  1  1  1   0.00082   0.00002     0.119
  1 -4  1  2 -1   0.00030   0.00006     0.045
  1 -4  2  0 -1   0.00094   0.00001     0.021
  1 -4  2  1 -1   0.00098   0.00001     0.029
  1 -3  0  0 -1   0.00082   0.00004     0.027
  1 -3  0  0  1 180.00073   0.00023     0.097
  1 -3  0  1 -1 180.00068   0.00006     0.042
  1 -3  0  1  1 180.00072   0.00003     0.340
  1 -3  1  0  1 180.00072   0.00002     0.107
  1 -2 -2  1 -1 180.00031   0.00002     0.074
  1 -2 -2  1  1 180.00029   0.00001     0.075
  1 -2 -1 -2 -1 180.00123   0.00002     0.019
  1 -2 -1 -2  1   0.00056   0.00001     0.039
  1 -2 -1 -1 -1 180.00119   0.00012     0.026
  1 -2 -1 -1  1   0.00065   0.00009     0.082
  1 -2 -1  0 -1 180.00109   0.00053     0.039
  1 -2 -1  0  1 180.00076   0.00123     0.949
  1 -2 -1  1 -1 180.00047   0.00053     0.080
  1 -2 -1  2 -1 180.00148   0.00006     1.388
  1 -2  0 -3 -1   0.00122   0.00009     0.015
  1 -2  0 -3  1 180.00044   0.00005     0.027
  1 -2  0 -2 -3 180.00093   0.00001     0.013
  1 -2  0 -2 -1   0.00119   0.00097     0.019
  1 -2  0 -2  1 180.00050   0.00065     0.041
  1 -2  0 -1 -3 180.00101   0.00008     0.015
  1 -2  0 -1 -1   0.00113   0.00913     0.026
  1 -2  0 -1  1 180.00049   0.00887     0.089
  1 -2  0  0 -3 180.00092   0.00037     0.019
  1 -2  0  0 -1   0.00100   0.06569     0.040
  1 -2  0  0  0  90.00000   0.00006     0.088
  1 -2  0  0  1   0.00076   0.04746     0.487
  1 -2  0  0  3 180.00077   0.00013     0.035
  1 -2  0  1 -3 180.00073   0.00044     0.026
  1 -2  0  1 -1   0.00029   0.04962     0.087
  1 -2  0  1  1   0.00045   0.00026     0.065
  1 -2  0  1  3 180.00076   0.00001     0.024
  1 -2  0  2 -3 180.00043   0.00001     0.040
  1 -2  0  2 -1 180.00208   0.00249     0.581
  1 -2  0  2  1 180.00070   0.00048     0.035
  1 -2  0  3 -1 180.00155   0.00045     0.067
  1 -2  0  3  1 180.00073   0.00008     0.024
  1 -2  0  4 -1 180.00145   0.00005     0.035
  1 -2  1 -2 -1   0.00118   0.00008     0.020
  1 -2  1 -2  1 180.00049   0.00004     0.043
  1 -2  1 -1 -1   0.00111   0.00072     0.027
  1 -2  1 -1  1 180.00052   0.00049     0.098
  1 -2  1  0 -3 180.00091   0.00003     0.020
  1 -2  1  0 -1   0.00098   0.00482     0.042
  1 -2  1  0  1   0.00075   0.00187     0.327
  1 -2  1  1 -3 180.00089   0.00002     0.027
  1 -2  1  1 -1   0.00031   0.00225     0.095
  1 -2  1  1  1 180.00078   0.00005     0.061
  1 -2  1  2 -1 180.00225   0.00009     0.368
  1 -2  1  2  1 180.00071   0.00003     0.034
  1 -2  1  3 -1 180.00164   0.00001     0.063
  1 -2  2 -1 -1   0.00111   0.00004     0.028
  1 -2  2 -1  1 180.00054   0.00002     0.109
  1 -2  2  0 -1   0.00097   0.00024     0.044
  1 -2  2  0  1   0.00072   0.00006     0.247
  1 -2  2  1 -1   0.00031   0.00008     0.105
  1 -2  3  0 -1   0.00094   0.00001     0.046
  1 -1 -1 -1 -1   0.00122   0.00004     0.037
  1 -1 -1  0 -1   0.00107   0.00019     0.075
  1 -1 -1  0  1   0.00000   0.00001     0.075
  1 -1 -1  1 -1 180.00149   0.00001     5.998
  1 -1  0 -2 -1 180.00131   0.00003     0.026
  1 -1  0 -1 -1 180.00131   0.00023     0.039
  1 -1  0 -1  1 180.00122   0.00002     0.857
  1 -1  0  0 -3   0.00093   0.00001     0.025
  1 -1  0  0 -1 180.00134   0.00075     0.081
  1 -1  0  0  1 180.00067   0.00056     0.069
  1 -1  0  1 -1   0.00127   0.00028     1.200
  1 -1  0  1  1 180.00072   0.00002     0.036
  1 -1  0  2 -1   0.00129   0.00006     0.071
  1 -1  1  0 -1 179.99990   0.00004     0.088
  1 -1  1  0  1 180.00072   0.00001     0.065
  1  0 -2 -1 -1 180.00138   0.00002     0.065
  1  0 -2  0 -1   0.00072   0.00003     0.487
  1  0 -2  1 -1   0.00116   0.00007     0.089
  1  0 -1 -3 -1 180.00133   0.00003     0.024
  1  0 -1 -2 -1 180.00133   0.00029     0.036
  1  0 -1 -2  1   0.00025   0.00003     1.389
  1  0 -1 -1 -3   0.00090   0.00001     0.024
  1  0 -1 -1 -1 180.00141   0.00187     0.070
  1  0 -1 -1  1 359.99928   0.00008     0.080
  1  0 -1  0 -3   0.00092   0.00001     0.036
  1  0 -1  0 -1   0.00067   0.00282     0.949
  1  0 -1  0  1   0.00045   0.00010     0.039
  1  0 -1  1 -1   0.00118   0.00387     0.082
  1  0 -1  1  1   0.00070   0.00026     0.026
  1  0 -1  2 -1   0.00122   0.00047     0.039
  1  0 -1  2  1   0.00070   0.00004     0.019
  1  0 -1  3 -1   0.00122   0.00005     0.026
  1  0  0 -5 -1   0.00127   0.00001     0.015
  1  0  0 -4 -1   0.00129   0.00016     0.019
  1  0  0 -3 -3 180.00113   0.00003     0.015
  1  0  0 -3 -1   0.00129   0.00228     0.025
  1  0  0 -3  1 180.00029   0.00013     0.077
  1  0  0 -2 -3 180.00109   0.00032     0.019
  1  0  0 -2 -1   0.00128   0.03279     0.038
  1  0  0 -2  1 180.00024   0.00387     3.574
  1  0  0 -1 -3 180.00102   0.00261     0.025
  1  0  0 -1 -1   0.00127   0.49141     0.075
  1  0  0 -1  0  90.00000   0.00010     8.847
  1  0  0 -1  1   0.00051   0.05036     0.074
  1  0  0 -1  3 180.00060   0.00017     0.025
  1  0  0  0 -5   0.00086   0.00003     0.019
  1  0  0  0 -3 180.00086   0.01492     0.037
  1  0  0  0 -1   0.00094   7.06304    18.613
  1  0  0  0  0 270.00000   0.00027     0.075
  1  0  0  0  1   0.00071   0.36061     0.037
  1  0  0  0  3 180.00071   0.00074     0.019
  1  0  0  1 -3 180.00054   0.00050     0.073
  1  0  0  1 -1   0.00127   0.49331     0.076
  1  0  0  1  0 270.00000   0.00002     0.038
  1  0  0  1  1   0.00070   0.03838     0.025
  1  0  0  1  3 180.00074   0.00015     0.015
  1  0  0  2 -3 180.00061   0.00004     2.582
  1  0  0  2 -1   0.00126   0.03402     0.038
  1  0  0  2  1   0.00069   0.00331     0.019
  1  0  0  2  3 180.00073   0.00002     0.012
  1  0  0  3 -1   0.00125   0.00242     0.025
  1  0  0  3  1   0.00067   0.00027     0.015
  1  0  0  4 -1   0.00125   0.00017     0.019
  1  0  0  4  1   0.00067   0.00002     0.013
  1  0  0  5 -1   0.00127   0.00001     0.015
  1  0  1 -3 -1   0.00133   0.00004     0.026
  1  0  1 -2 -1   0.00135   0.00037     0.039
  1  0  1 -2  1 180.00050   0.00003     0.781
  1  0  1 -1 -3 180.00090   0.00001     0.026
  1  0  1 -1 -1   0.00143   0.00249     0.081
  1  0  1 -1  1   0.00272   0.00002     0.069
  1  0  1  0 -1 180.00079   0.00240     1.057
  1  0  1  0  1 180.00076   0.00034     0.036
  1  0  1  1 -1 180.00116   0.00292     0.070
  1  0  1  1  1 180.00073   0.00022     0.024
  1  0  1  2 -1 180.00121   0.00037     0.036
  1  0  1  2  1 180.00071   0.00004     0.018
  1  0  1  3 -1 180.00122   0.00004     0.025
  1  0  2 -1 -1   0.00146   0.00004     0.088
  1  0  2  0 -1 180.00072   0.00003     0.514
  1  0  2  1 -1 180.00119   0.00003     0.066
  1  1 -1  0 -1 180.00080   0.00003     0.088
  1  1  0 -2 -1   0.00182   0.00003     0.070
  1  1  0 -1 -1 179.99929   0.00011     1.063
  1  1  0 -1  1 180.00052   0.00002     0.039
  1  1  0  0 -1 180.00088   0.00342     0.081
  1  1  0  0  1 180.00072   0.00021     0.026
  1  1  0  1 -1 180.00104   0.00043     0.039
  1  1  0  1  1 180.00071   0.00004     0.019
  1  1  0  2 -1 180.00110   0.00004     0.026
  1  1  1 -1 -1 180.00007   0.00006    16.874
  1  1  1  0 -1   0.00059   0.00064     0.075
  1  1  1  0  1   0.00072   0.00003     0.025
  1  1  1  1 -1   0.00085   0.00007     0.038
  1  2 -3  0 -1   0.00094   0.00001     0.046
  1  2 -2 -1 -1   0.00040   0.00010     0.106
  1  2 -2 -1  1   0.00072   0.00001     0.028
  1  2 -2  0 -1   0.00090   0.00031     0.044
  1  2 -2  0  1   0.00072   0.00002     0.020
  1  2 -2  1 -1   0.00104   0.00005     0.028
  1  2 -1 -3 -1 180.00162   0.00001     0.062
  1  2 -1 -2 -1 180.00296   0.00006     0.354
  1  2 -1 -2  1   0.00051   0.00003     0.042
  1  2 -1 -1 -1   0.00041   0.00288     0.096
  1  2 -1 -1  1   0.00069   0.00037     0.027
  1  2 -1  0 -1   0.00091   0.00646     0.042
  1  2 -1  0  1   0.00072   0.00031     0.020
  1  2 -1  1 -1   0.00103   0.00091     0.027
  1  2 -1  1  1   0.00069   0.00006     0.016
  1  2 -1  2 -1   0.00106   0.00010     0.020
  1  2  0 -4 -1 180.00153   0.00005     0.035
  1  2  0 -3 -1 180.00173   0.00037     0.066
  1  2  0 -3  1 180.00003   0.00005     0.085
  1  2  0 -2 -3   0.00121   0.00002     0.035
  1  2  0 -2 -1 180.00322   0.00142     0.547
  1  2  0 -2  1   0.00052   0.00067     0.040
  1  2  0 -1 -1   0.00042   0.06456     0.088
  1  2  0 -1  1   0.00071   0.00815     0.026
  1  2  0 -1  3 180.00036   0.00004     0.015
  1  2  0  0 -3 179.99827   0.00006     0.463
  1  2  0  0 -1   0.00090   0.09642     0.041
  1  2  0  0  1   0.00070   0.00480     0.019
  1  2  0  0  3 180.00038   0.00002     0.013
  1  2  0  1 -3 180.00114   0.00014     0.090
  1  2  0  1 -1   0.00102   0.01234     0.026
  1  2  0  1  1   0.00070   0.00080     0.015
  1  2  0  2 -3 180.00118   0.00002     0.041
  1  2  0  2 -1   0.00107   0.00126     0.020
  1  2  0  2  1   0.00073   0.00009     0.013
  1  2  0  3 -1   0.00111   0.00012     0.016
  1  2  0  3  1   0.00062   0.00001     0.011
  1  2  1 -1 -1 180.00004   0.00017     0.080
  1  2  1 -1  1 180.00073   0.00006     0.025
  1  2  1  0 -1 180.00088   0.00113     0.039
  1  2  1  0  1 180.00073   0.00005     0.019
  1  2  1  1 -1 180.00098   0.00021     0.026
  1  2  1  1  1 180.00099   0.00001     0.015
  1  2  1  2 -1 180.00105   0.00003     0.019
  1  2  2 -1 -1 180.00033   0.00005     0.074
  1  3  0 -2 -1 179.99961   0.00001     0.095
  1  3  0 -1 -1 180.00070   0.00013     0.042
  1  3  0 -1  1 180.00072   0.00001     0.020
  1  3  1 -1 -1   0.00073   0.00001     0.040
  1  3  1  0 -1   0.00088   0.00001     0.026
  1  4 -2 -1 -1   0.00091   0.00002     0.029
  1  4 -2  0 -1   0.00094   0.00001     0.021
  1  4 -1 -2 -1   0.00041   0.00008     0.046
  1  4 -1 -2  1   0.00092   0.00001     0.021
  1  4 -1 -1 -1   0.00077   0.00024     0.028
  1  4 -1 -1  1   0.00071   0.00002     0.016
  1  4 -1  0 -1   0.00090   0.00015     0.021
  1  4 -1  1 -1   0.00091   0.00003     0.016
  1  4  0 -3 -1 359.99818   0.00001     0.104
  1  4  0 -3  1   0.00056   0.00001     0.027
  1  4  0 -2 -1   0.00042   0.00088     0.044
  1  4  0 -2  1   0.00070   0.00014     0.020
  1  4  0 -1 -1   0.00078   0.00217     0.028
  1  4  0 -1  1   0.00071   0.00016     0.016
  1  4  0  0 -1   0.00090   0.00115     0.020
  1  4  0  0  1   0.00072   0.00006     0.013
  1  4  0  1 -1   0.00098   0.00021     0.016
  1  4  0  1  1   0.00038   0.00001     0.011
  1  4  0  2 -1   0.00093   0.00003     0.013
  1  4  1 -1 -1 180.00077   0.00004     0.027
  1  4  1  0 -1 180.00089   0.00003     0.020
  1  6  0 -3 -1   0.00037   0.00001     0.029
  1  6  0 -2 -1   0.00067   0.00004     0.021
  1  6  0 -1 -1   0.00090   0.00004     0.016
  1  6  0  0 -1   0.00090   0.00002     0.013
  2 -2 -1  0  0   0.00000   0.00001     1.000
  2 -2  0 -1 -2 180.00000   0.00004     0.026
  2 -2  0 -1  0   0.00000   0.00013     0.089
  2 -2  0  0 -2 180.00000   0.00027     0.040
  2 -2  0  0  0 180.00000   0.00043     0.500
  2 -2  0  1 -2 180.00000   0.00025     0.086
  2 -2  0  1  0 180.00000   0.00002     0.066
  2 -2  0  2 -2   0.00000   0.00001     0.600
  2 -2  1  0 -2 180.00000   0.00002     0.042
  2 -2  1  0  0 180.00000   0.00003     0.333
  2 -2  1  1 -2 180.00000   0.00001     0.094
  2  0 -1  0 -2 180.00000   0.00003     0.903
  2  0 -1  1 -2 180.00000   0.00002     0.082
  2  0  0 -2 -2 180.00000   0.00016     0.038
  2  0  0 -2  0   0.00000   0.00009     4.424
  2  0  0 -1 -4   0.00000   0.00001     0.025
  2  0  0 -1 -2 180.00000   0.00239     0.075
  2  0  0 -1 -1 270.00000   0.00001    16.863
  2  0  0 -1  0 180.00000   0.00080     0.074
  2  0  0  0 -4   0.00000   0.00007     0.037
  2  0  0  0 -2 180.00000   0.03638     9.307
  2  0  0  0 -1  90.00000   0.00003     0.075
  2  0  0  0  0 180.00000   0.00239     0.037
  2  0  0  1 -2 180.00000   0.00241     0.076
  2  0  0  1  0 180.00000   0.00025     0.025
  2  0  0  2 -2 180.00000   0.00017     0.038
  2  0  0  2  0 180.00000   0.00002     0.019
  2  0  1  0 -2   0.00000   0.00002     1.120
  2  0  1  1 -2   0.00000   0.00001     0.071
  2  1  0  0 -2   0.00000   0.00002     0.082
  2  1  1  0 -2 180.00000   0.00004     0.075
  2  2 -1 -1 -2 180.00000   0.00002     0.096
  2  2 -1  0 -2 180.00000   0.00004     0.042
  2  2  0 -1 -2 180.00000   0.00039     0.088
  2  2  0 -1  0 180.00000   0.00006     0.026
  2  2  0  0 -2 180.00000   0.00057     0.041
  2  2  0  0  0 180.00000   0.00003     0.019
  2  2  0  1 -2 180.00000   0.00007     0.026
  2  4  0 -1 -2 180.00000   0.00001     0.028
