EARTH FIGURE PERTURBATIONS. LATITUDE
  0  0  0  0  3   0.00000   0.00003     0.025
  0  0  0  1 -3 180.00000   0.00021     0.037
  0  0  0  1 -1   0.00000   0.00056     5.997
  0  0  0  1  1   0.00000   0.00047     0.037
  0  0  0  2 -3   0.00000   0.00004     0.073
  0  0  0  2 -1 180.00000   0.00144     0.076
  0  0  0  2  1   0.00000   0.00003     0.025
  0  0  0  3 -1 180.00000   0.00007     0.038
  0  0  1 -1 -1 180.00000   0.00002     0.039
  0  0  1 -1  1 180.00000   0.00002     0.857
  0  0  1  0 -1 180.00000   0.00004     0.081
  0  0  1  0  1 180.00000   0.00004     0.069
  0  0  1  1 -1 180.00000   0.00001     1.200
  0  0  1  1  1 180.00000   0.00002     0.036
  0  1  0  0 -1 180.00000   0.00004     0.949
  0  1  0  0  1 180.00000   0.00005     0.039
  0  1  1 -1 -1   0.00000   0.00001     0.075
  0  1  1 -1  1   0.00000   0.00001     0.074
  0  1  1  0 -1 180.00000   0.00003    18.600
  0  1  1  0  1 180.00000   0.00003     0.037
  0  2 -1 -1 -1   0.00000   0.00003     0.340
  0  2 -1 -1  1   0.00000   0.00004     0.042
  0  2 -1  0 -1 180.00000   0.00006     0.097
  0  2  0 -2 -1 180.00000   0.00005     0.066
  0  2  0 -2  1 180.00000   0.00021     0.086
  0  2  0 -1 -1   0.00000   0.00126     0.515
  0  2  0 -1  1   0.00000   0.00108     0.040
  0  2  0  0 -3   0.00000   0.00004     0.064
  0  2  0  0 -1 180.00000   0.00217     0.088
  0  2  0  0  1   0.00000   0.00013     0.026
  0  2  0  1 -3   0.00000   0.00003     0.440
  0  2  0  1 -1 180.00000   0.00008     0.041
  0  2  0  2 -1 180.00000   0.00002     0.026
  0  2  1 -1 -1 180.00000   0.00001     1.063
  0  2  1  0 -1   0.00000   0.00009     0.081
  0  2  2  0 -1   0.00000   0.00001     0.075
  0  4  0 -2  1   0.00000   0.00003     0.027
  0  4  0 -1 -1   0.00000   0.00001     0.044
  0  4  0 -1  1   0.00000   0.00002     0.020
  0  4  0  0 -1 180.00000   0.00001     0.028
  1 -6  0  0  0   0.00076   0.00002     0.016
  1 -6  0  1  0   0.00075   0.00005     0.021
  1 -6  0  2  0   0.00075   0.00004     0.029
  1 -4 -1  0  0 180.00075   0.00006     0.027
  1 -4 -1  1  0 180.00074   0.00008     0.042
  1 -4  0 -2  0   0.00076   0.00003     0.016
  1 -4  0 -1 -2   0.00095   0.00002     0.013
  1 -4  0 -1  0   0.00075   0.00025     0.020
  1 -4  0 -1  2 180.00046   0.00001     0.044
  1 -4  0  0 -2   0.00094   0.00009     0.016
  1 -4  0  0  0   0.00073   0.00188     0.028
  1 -4  0  0  2   0.00072   0.00009     0.108
  1 -4  0  1 -2   0.00083   0.00017     0.020
  1 -4  0  1  0   0.00071   0.00322     0.044
  1 -4  0  2 -2   0.00055   0.00009     0.027
  1 -4  0  2  0   0.00070   0.00029     0.104
  1 -4  1 -1  0   0.00075   0.00003     0.021
  1 -4  1  0 -2   0.00094   0.00001     0.016
  1 -4  1  0  0   0.00075   0.00021     0.028
  1 -4  1  1 -2   0.00094   0.00002     0.021
  1 -4  1  1  0   0.00072   0.00029     0.046
  1 -4  1  2 -2   0.00093   0.00001     0.028
  1 -4  1  2  0   0.00072   0.00002     0.116
  1 -4  2  0  0   0.00072   0.00001     0.029
  1 -4  2  1  0   0.00072   0.00002     0.048
  1 -3 -1  0  0   0.00072   0.00002     0.040
  1 -3  0 -1  0 180.00072   0.00002     0.027
  1 -3  0  0  0 180.00074   0.00017     0.042
  1 -3  0  0  2 180.00072   0.00001     0.322
  1 -3  0  1  0 180.00073   0.00014     0.095
  1 -3  0  2  0 180.00072   0.00002     0.360
  1 -3  1  0  0 180.00072   0.00001     0.044
  1 -2 -2  0  0 180.00037   0.00013     0.075
  1 -2 -2  1  0 180.00072   0.00005     8.853
  1 -2 -1 -2  0 180.00075   0.00003     0.026
  1 -2 -1 -1 -2 180.00095   0.00001     0.019
  1 -2 -1 -1  0 180.00073   0.00041     0.039
  1 -2 -1  0 -2 180.00094   0.00006     0.026
  1 -2 -1  0  0 180.00071   0.00589     0.081
  1 -2 -1  0  2 180.00079   0.00007     0.069
  1 -2 -1  1 -2 180.00066   0.00005     0.039
  1 -2 -1  1  0 180.00074   0.00034     1.127
  1 -2 -1  2  0   0.00072   0.00003     0.071
  1 -2  0 -3 -2   0.00094   0.00001     0.013
  1 -2  0 -3  0   0.00077   0.00007     0.020
  1 -2  0 -2 -2   0.00111   0.00014     0.015
  1 -2  0 -2  0   0.00077   0.00110     0.026
  1 -2  0 -2  2 180.00047   0.00002     0.091
  1 -2  0 -1 -2   0.00104   0.00104     0.019
  1 -2  0 -1  0   0.00075   0.01647     0.041
  1 -2  0 -1  2 180.00059   0.00048     0.450
  1 -2  0  0 -4 180.00090   0.00001     0.015
  1 -2  0  0 -2   0.00093   0.00562     0.026
  1 -2  0  0  0   0.00072   0.29854     0.088
  1 -2  0  0  2   0.00077   0.00273     0.065
  1 -2  0  1 -4 180.00088   0.00002     0.019
  1 -2  0  1 -2   0.00065   0.00562     0.040
  1 -2  0  1  0   0.00071   0.07332     0.530
  1 -2  0  1  2   0.00072   0.00043     0.035
  1 -2  0  2 -2 179.99951   0.00002     0.085
  1 -2  0  2  0   0.00066   0.00672     0.066
  1 -2  0  2  2   0.00072   0.00003     0.024
  1 -2  0  3  0   0.00063   0.00063     0.035
  1 -2  0  4  0   0.00061   0.00005     0.024
  1 -2  1 -2 -2   0.00094   0.00001     0.016
  1 -2  1 -2  0   0.00075   0.00006     0.027
  1 -2  1 -1 -2   0.00104   0.00008     0.020
  1 -2  1 -1  0   0.00075   0.00086     0.042
  1 -2  1 -1  2 180.00060   0.00003     0.311
  1 -2  1  0 -2   0.00094   0.00038     0.027
  1 -2  1  0  0   0.00072   0.01404     0.096
  1 -2  1  0  2   0.00076   0.00011     0.061
  1 -2  1  1 -2   0.00065   0.00025     0.042
  1 -2  1  1  0   0.00071   0.00328     0.346
  1 -2  1  1  2   0.00073   0.00001     0.034
  1 -2  1  2  0   0.00068   0.00028     0.062
  1 -2  1  3  0   0.00072   0.00002     0.034
  1 -2  2 -1  0   0.00074   0.00003     0.044
  1 -2  2  0 -2   0.00093   0.00002     0.028
  1 -2  2  0  0   0.00073   0.00051     0.107
  1 -2  2  1 -2   0.00091   0.00001     0.044
  1 -2  2  1  0   0.00072   0.00012     0.257
  1 -2  2  2  0   0.00072   0.00001     0.058
  1 -2  3  0  0   0.00072   0.00002     0.119
  1 -1 -1 -1  0   0.00072   0.00002     0.075
  1 -1 -1  0 -2   0.00094   0.00002     0.037
  1 -1 -1  0  0   0.00072   0.00036 25770.018
  1 -1  0 -2  0 180.00072   0.00002     0.039
  1 -1  0 -1 -2 180.00112   0.00003     0.026
  1 -1  0 -1  0 180.00072   0.00029     0.082
  1 -1  0  0 -2 180.00099   0.00013     0.039
  1 -1  0  0  0 180.00073   0.00212     1.000
  1 -1  0  0  2 180.00069   0.00005     0.036
  1 -1  0  1  0 180.00074   0.00017     0.070
  1 -1  0  2  0 180.00071   0.00004     0.036
  1  0 -2 -1  0 180.00072   0.00003     0.530
  1  0 -2  1  0 180.00071   0.00005     0.041
  1  0 -1 -3  0 180.00072   0.00001     0.036
  1  0 -1 -2 -2 180.00119   0.00004     0.024
  1  0 -1 -2  0 180.00080   0.00014     0.071
  1  0 -1 -1 -2 180.00114   0.00018     0.036
  1  0 -1 -1  0 180.00076   0.00227     1.127
  1  0 -1  0 -2 180.00192   0.00002     0.069
  1  0 -1  0  0 180.00058   0.00252     0.081
  1  0 -1  1 -2   0.00202   0.00004     0.819
  1  0 -1  1  0 180.00068   0.00276     0.039
  1  0 -1  2  0 180.00065   0.00031     0.026
  1  0 -1  3  0 180.00069   0.00003     0.019
  1  0  0 -4 -2   0.00121   0.00003     0.015
  1  0  0 -4  0   0.00064   0.00005     0.025
  1  0  0 -3 -2   0.00119   0.00033     0.019
  1  0  0 -3  0   0.00069   0.00091     0.038
  1  0  0 -2 -4 180.00089   0.00001     0.015
  1  0  0 -2 -2   0.00116   0.00377     0.025
  1  0  0 -2  0   0.00067   0.01745     0.076
  1  0  0 -2  2 180.00038   0.00033     0.073
  1  0  0 -1 -4 180.00098   0.00008     0.019
  1  0  0 -1 -2   0.00109   0.03977     0.037
  1  0  0 -1  0   0.00075   0.45586     8.847
  1  0  0 -1  2   0.00062   0.00437     0.037
  1  0  0  0 -4 180.00086   0.00034     0.025
  1  0  0  0 -2   0.00086   0.32622     0.074
  1  0  0  0 -1 270.00000   0.00001    18.613
  1  0  0  0  0 180.00071   8.04508     0.075
  1  0  0  0  1 270.00000   0.00001     0.037
  1  0  0  0  2   0.00071   0.00834     0.025
  1  0  0  0  4 180.00032   0.00002     0.015
  1  0  0  1 -4 180.00067   0.00009     0.037
  1  0  0  1 -2   0.00464   0.00239     4.536
  1  0  0  1  0 180.00069   0.41571     0.038
  1  0  0  1  2   0.00070   0.00133     0.019
  1  0  0  2 -2   0.00147   0.00079     0.077
  1  0  0  2  0 180.00066   0.02403     0.025
  1  0  0  2  2   0.00071   0.00015     0.015
  1  0  0  3 -2   0.00137   0.00007     0.038
  1  0  0  3  0 180.00062   0.00146     0.019
  1  0  0  3  2   0.00075   0.00002     0.013
  1  0  0  4  0 180.00058   0.00009     0.015
  1  0  1 -3  0   0.00072   0.00001     0.039
  1  0  1 -2 -2   0.00119   0.00004     0.026
  1  0  1 -2  0   0.00077   0.00014     0.082
  1  0  1 -1 -2   0.00114   0.00023     0.039
  1  0  1 -1  0   0.00074   0.00257     0.898
  1  0  1 -1  2   0.00087   0.00001     0.036
  1  0  1  0 -2   0.00071   0.00003     0.080
  1  0  1  0  0   0.00095   0.00206     0.070
  1  0  1  0  2 180.00072   0.00002     0.024
  1  0  1  1 -2 180.00217   0.00003     1.283
  1  0  1  1  0   0.00070   0.00212     0.036
  1  0  1  2  0   0.00065   0.00025     0.024
  1  0  1  3  0   0.00069   0.00002     0.018
  1  0  2 -1  0   0.00072   0.00004     0.473
  1  0  2  0  0   0.00088   0.00002     0.065
  1  0  2  1  0   0.00072   0.00002     0.035
  1  1  0 -2  0   0.00072   0.00004     1.292
  1  1  0 -1  0 180.00137   0.00003     0.080
  1  1  0  0 -2 180.00102   0.00003     0.903
  1  1  0  0  0   0.00071   0.00218     0.039
  1  1  0  1 -2 180.00131   0.00001     0.082
  1  1  0  1  0   0.00067   0.00026     0.026
  1  1  0  2  0   0.00068   0.00002     0.019
  1  1  1 -1  0   0.00022   0.00008     0.074
  1  1  1  0 -2   0.00028   0.00001     9.303
  1  1  1  0  0 180.00073   0.00032     0.037
  1  1  1  1  0 180.00070   0.00004     0.025
  1  2 -2 -1  0 180.00071   0.00013     0.044
  1  2 -2  0 -2   0.00102   0.00002     0.108
  1  2 -2  0  0 180.00070   0.00015     0.028
  1  2 -2  1  0 180.00069   0.00002     0.020
  1  2 -1 -2 -2 180.00146   0.00002     0.062
  1  2 -1 -2  0   0.00091   0.00002     0.094
  1  2 -1 -1 -2 180.00253   0.00003     0.334
  1  2 -1 -1  0 180.00073   0.00371     0.042
  1  2 -1 -1  2   0.00072   0.00002     0.020
  1  2 -1  0 -2   0.00101   0.00049     0.097
  1  2 -1  0  0 180.00070   0.00315     0.027
  1  2 -1  0  2   0.00073   0.00001     0.016
  1  2 -1  1 -2   0.00112   0.00008     0.043
  1  2 -1  1  0 180.00066   0.00043     0.020
  1  2 -1  2  0 180.00067   0.00004     0.016
  1  2  0 -4  0 180.00072   0.00001     0.067
  1  2  0 -3 -2 180.00138   0.00007     0.035
  1  2  0 -3  0 180.00074   0.00013     0.602
  1  2  0 -2 -2 180.00150   0.00038     0.066
  1  2  0 -2  0   0.00164   0.00033     0.086
  1  2  0 -2  2   0.00062   0.00010     0.026
  1  2  0 -1 -4 180.00083   0.00001     0.035
  1  2  0 -1 -2 180.00240   0.00066     0.501
  1  2  0 -1  0 180.00073   0.08350     0.040
  1  2  0 -1  2   0.00069   0.00033     0.019
  1  2  0  0 -4 180.00072   0.00004     0.064
  1  2  0  0 -2   0.00102   0.01005     0.089
  1  2  0  0  0 180.00070   0.04638     0.026
  1  2  0  0  2   0.00073   0.00018     0.015
  1  2  0  1 -2   0.00112   0.00139     0.041
  1  2  0  1  0 180.00067   0.00563     0.019
  1  2  0  1  2   0.00072   0.00004     0.013
  1  2  0  2 -2   0.00115   0.00014     0.026
  1  2  0  2  0 180.00062   0.00054     0.015
  1  2  0  3 -2   0.00093   0.00001     0.020
  1  2  0  3  0 180.00066   0.00005     0.013
  1  2  1 -2  0 180.00072   0.00002     0.079
  1  2  1 -1 -2   0.00121   0.00001     1.006
  1  2  1 -1  0   0.00074   0.00055     0.039
  1  2  1  0 -2 180.00103   0.00019     0.082
  1  2  1  0  0   0.00071   0.00049     0.026
  1  2  1  1 -2 180.00114   0.00003     0.039
  1  2  1  1  0   0.00069   0.00009     0.019
  1  2  1  2  0   0.00067   0.00001     0.015
  1  2  2 -1  0   0.00071   0.00005     0.037
  1  3  0 -2  0   0.00072   0.00002     0.042
  1  3  0 -1  0   0.00070   0.00008     0.027
  1  3  0  0  0   0.00072   0.00001     0.020
  1  4 -2 -1  0 180.00072   0.00001     0.021
  1  4 -1 -2  0 180.00070   0.00008     0.028
  1  4 -1 -1 -2   0.00074   0.00002     0.046
  1  4 -1 -1  0 180.00069   0.00013     0.021
  1  4 -1  0 -2   0.00096   0.00002     0.029
  1  4 -1  0  0 180.00067   0.00006     0.016
  1  4 -1  1  0 180.00066   0.00001     0.013
  1  4  0 -3  0 180.00034   0.00001     0.043
  1  4  0 -2  0 180.00074   0.00097     0.028
  1  4  0 -1 -2   0.00074   0.00019     0.044
  1  4  0 -1  0 180.00071   0.00113     0.020
  1  4  0 -1  2   0.00056   0.00001     0.013
  1  4  0  0 -2   0.00096   0.00019     0.028
  1  4  0  0  0 180.00067   0.00043     0.016
  1  4  0  1 -2   0.00103   0.00004     0.020
  1  4  0  1  0 180.00066   0.00007     0.013
  1  4  1 -2  0   0.00072   0.00001     0.027
  1  4  1 -1  0   0.00069   0.00002     0.020
  1  6  0 -3  0 180.00069   0.00001     0.021
  1  6  0 -2  0 180.00067   0.00002     0.016
  1  6  0 -1  0 180.00066   0.00001     0.013
  2 -4  0  0 -1 180.00000   0.00002     0.028
  2 -4  0  1 -1 180.00000   0.00003     0.044
  2 -2 -1  0 -1   0.00000   0.00006     0.081
  2 -2  0 -2 -1 180.00000   0.00001     0.026
  2 -2  0 -1 -1 180.00000   0.00016     0.041
  2 -2  0  0 -3 180.00000   0.00003     0.026
  2 -2  0  0 -1 180.00000   0.00293     0.088
  2 -2  0  0  1 180.00000   0.00014     0.065
  2 -2  0  1 -3 180.00000   0.00003     0.040
  2 -2  0  1 -1 180.00000   0.00072     0.545
  2 -2  0  1  1 180.00000   0.00001     0.035
  2 -2  0  2 -1 180.00000   0.00007     0.066
  2 -2  1  0 -1 180.00000   0.00014     0.096
  2 -2  1  1 -1 180.00000   0.00003     0.353
  2 -1  0  0 -1   0.00000   0.00002     1.057
  2  0 -1 -1 -1   0.00000   0.00002     1.063
  2  0 -1  0 -1   0.00000   0.00003     0.081
  2  0 -1  1 -1   0.00000   0.00003     0.039
  2  0  0 -3 -1 180.00000   0.00001     0.038
  2  0  0 -2 -3 180.00000   0.00002     0.025
  2  0  0 -2 -1 180.00000   0.00020     0.076
  2  0  0 -2  1 180.00000   0.00005     0.073
  2  0  0 -1 -3 180.00000   0.00019     0.037
  2  0  0 -1 -1 180.00000   0.00441    16.863
  2  0  0 -1  1 180.00000   0.00006     0.037
  2  0  0  0 -3 180.00000   0.00156     0.074
  2  0  0  0 -1   0.00000   0.08042     0.075
  2  0  0  0  1 180.00000   0.00003     0.025
  2  0  0  1 -1   0.00000   0.00425     0.038
  2  0  0  2 -1   0.00000   0.00026     0.025
  2  0  0  3 -1   0.00000   0.00002     0.019
  2  0  1 -1 -1 180.00000   0.00002     0.944
  2  0  1  1 -1 180.00000   0.00002     0.036
  2  1  0  0 -1 180.00000   0.00002     0.039
  2  1  1 -1 -1 180.00000   0.00002     0.074
  2  2 -1 -1 -1   0.00000   0.00004     0.042
  2  2 -1  0 -1   0.00000   0.00003     0.027
  2  2  0 -1 -1   0.00000   0.00085     0.040
  2  2  0  0 -3 180.00000   0.00005     0.089
  2  2  0  0 -1   0.00000   0.00049     0.026
  2  2  0  1 -1   0.00000   0.00006     0.019
  2  4  0 -1 -1   0.00000   0.00001     0.020
