EARTH FIGURE PERTURBATIONS. DISTANCE
  0  0  0  0  0  90.00000   0.04301 99999.999
  0  0  0  0  1 180.00000   0.00003     0.075
  0  0  0  0  2 270.00000   0.00004     0.037
  0  0  0  1 -2 270.00000   0.00444     0.074
  0  0  0  1  0  90.00000   0.00531     0.075
  0  0  0  2 -2  90.00000   0.00026     2.998
  0  0  0  2  0  90.00000   0.00042     0.038
  0  0  0  2  2 270.00000   0.00004     0.019
  0  0  0  3 -2 270.00000   0.00002     0.077
  0  0  0  3  0  90.00000   0.00003     0.025
  0  0  1 -2  0 270.00000   0.00004     0.039
  0  0  1 -1  0 270.00000   0.00037     0.082
  0  0  1  0  0  90.00000   0.00009     1.000
  0  0  1  1 -2 270.00000   0.00005     0.079
  0  0  1  1  0  90.00000   0.00017     0.070
  0  0  1  2  0  90.00000   0.00002     0.036
  0  0  2  0  0 270.00000   0.00002     0.500
  0  1 -1  0  0  90.00000   0.00012     0.088
  0  1  0 -1  0 270.00000   0.00005     1.127
  0  1  0  0  0  90.00000   0.00088     0.081
  0  1  0  1  0  90.00000   0.00006     0.039
  0  1  1 -1  0 270.00000   0.00004     8.850
  0  1  1  0  0  90.00000   0.00064     0.075
  0  1  1  1  0  90.00000   0.00004     0.038
  0  2 -1 -1  0 270.00000   0.00053     0.095
  0  2 -1  1 -2 270.00000   0.00003     0.099
  0  2  0 -3  0  90.00000   0.00003     0.067
  0  2  0 -2  0  90.00000   0.00082     0.564
  0  2  0 -2  2 270.00000   0.00003     0.040
  0  2  0 -1  0 270.00000   0.01961     0.087
  0  2  0 -1  2 270.00000   0.00003     0.026
  0  2  0  0 -2  90.00000   0.00021     0.474
  0  2  0  0  0 270.00000   0.00047     0.040
  0  2  0  1 -2 270.00000   0.00071     0.090
  0  2  0  2 -2 270.00000   0.00005     0.041
  0  2  1 -1  0  90.00000   0.00008     0.080
  0  2  1  0  0  90.00000   0.00003     0.039
  0  2  2 -1  0 270.00000   0.00009     0.074
  0  4 -1 -1  0 270.00000   0.00002     0.028
  0  4  0 -2  0 270.00000   0.00017     0.044
  0  4  0 -1  0 270.00000   0.00017     0.028
  0  4  0  0  0 270.00000   0.00002     0.020
  1 -6  0  1 -1  90.00094   0.00002     0.016
  1 -6  0  2 -1  90.00070   0.00003     0.021
  1 -4 -1  1 -1 270.00094   0.00003     0.027
  1 -4  0 -1 -1  90.00103   0.00012     0.016
  1 -4  0 -1  1 270.00027   0.00005     0.028
  1 -4  0  0 -1  90.00096   0.00075     0.020
  1 -4  0  0  1  90.00086   0.00040     0.044
  1 -4  0  1 -1  90.00079   0.00149     0.028
  1 -4  0  1  1  90.00079   0.00027     0.106
  1 -4  0  2 -1  90.00028   0.00046     0.043
  1 -4  0  2  1  90.00067   0.00008     0.261
  1 -4  1  0 -1  90.00095   0.00010     0.021
  1 -4  1  0  1  90.00072   0.00005     0.046
  1 -4  1  1 -1  90.00079   0.00017     0.028
  1 -4  1  1  1  90.00072   0.00002     0.119
  1 -4  1  2 -1  90.00029   0.00004     0.045
  1 -3  0  0 -1  90.00092   0.00008     0.027
  1 -3  0  0  1 270.00072   0.00018     0.097
  1 -3  0  1 -1 270.00069   0.00007     0.042
  1 -2 -2  1 -1 270.00024   0.00002     0.074
  1 -2 -1 -1 -1 270.00109   0.00014     0.026
  1 -2 -1 -1  1  90.00059   0.00006     0.082
  1 -2 -1  0 -1 270.00097   0.00096     0.039
  1 -2 -1  0  1  90.00072   0.00012     0.949
  1 -2 -1  1 -1 270.00047   0.00044     0.080
  1 -2 -1  1  1  90.00065   0.00005     0.070
  1 -2 -1  2 -1  90.00072   0.00002     1.388
  1 -2  0 -3 -1  90.00117   0.00007     0.015
  1 -2  0 -3  1 270.00047   0.00003     0.027
  1 -2  0 -2 -1  90.00113   0.00080     0.019
  1 -2  0 -2  1 270.00044   0.00044     0.041
  1 -2  0 -1 -1  90.00108   0.00925     0.026
  1 -2  0 -1  1 270.00046   0.00617     0.089
  1 -2  0 -1  3  90.00074   0.00003     0.064
  1 -2  0  0 -1  90.00096   0.09554     0.040
  1 -2  0  0  0 180.00000   0.00005     0.088
  1 -2  0  0  1 270.00079   0.00854     0.487
  1 -2  0  1 -3 270.00088   0.00003     0.026
  1 -2  0  1 -1  90.00028   0.03855     0.087
  1 -2  0  1  1 270.00070   0.00785     0.065
  1 -2  0  2 -3 270.00030   0.00002     0.040
  1 -2  0  2 -1  90.00216   0.00280     0.581
  1 -2  0  2  1 270.00071   0.00040     0.035
  1 -2  0  3 -1  90.00159   0.00047     0.067
  1 -2  0  3  1 270.00091   0.00002     0.024
  1 -2  0  4 -1  90.00149   0.00004     0.035
  1 -2  1 -2 -1  90.00112   0.00007     0.020
  1 -2  1 -2  1 270.00050   0.00002     0.043
  1 -2  1 -1 -1  90.00109   0.00069     0.027
  1 -2  1 -1  1 270.00048   0.00028     0.098
  1 -2  1  0 -1  90.00096   0.00657     0.042
  1 -2  1  0  1 270.00077   0.00056     0.327
  1 -2  1  1 -1  90.00029   0.00160     0.095
  1 -2  1  1  1 270.00071   0.00029     0.061
  1 -2  1  2 -1  90.00227   0.00011     0.368
  1 -2  2 -1 -1  90.00094   0.00003     0.028
  1 -2  2  0 -1  90.00095   0.00032     0.044
  1 -2  2  0  1 270.00072   0.00003     0.247
  1 -2  2  1 -1  90.00030   0.00005     0.105
  1 -1 -1 -1 -1  90.00121   0.00003     0.037
  1 -1 -1  0 -1  90.00107   0.00018     0.075
  1 -1 -1  0  1 270.00052   0.00004     0.075
  1 -1  0 -1 -1 270.00128   0.00018     0.039
  1 -1  0 -1  1 270.00072   0.00005     0.857
  1 -1  0  0 -1 270.00137   0.00063     0.081
  1 -1  0  0  1  90.00068   0.00075     0.069
  1 -1  0  1 -1 270.00123   0.00014     1.200
  1 -1  0  1  1  90.00072   0.00004     0.036
  1 -1  0  2 -1 270.00129   0.00006     0.071
  1 -1  1  0 -1 269.99992   0.00003     0.088
  1  0 -2 -1 -1 270.00137   0.00002     0.065
  1  0 -2  1 -1 270.00115   0.00006     0.089
  1  0 -1 -3 -1 270.00127   0.00002     0.024
  1  0 -1 -2 -1 270.00134   0.00022     0.036
  1  0 -1 -2  1 270.00073   0.00003     1.389
  1  0 -1 -1 -1 270.00140   0.00181     0.070
  1  0 -1 -1  1  90.00162   0.00010     0.080
  1  0 -1  0 -1  90.00067   0.00028     0.949
  1  0 -1  0  1  90.00087   0.00013     0.039
  1  0 -1  1 -1 270.00118   0.00341     0.082
  1  0 -1  1  1 270.00000   0.00003     0.026
  1  0 -1  2 -1 270.00121   0.00034     0.039
  1  0 -1  3 -1 270.00127   0.00003     0.026
  1  0  0 -4 -1  90.00128   0.00010     0.019
  1  0  0 -3 -1  90.00128   0.00150     0.025
  1  0  0 -3  1 270.00000   0.00006     0.077
  1  0  0 -2 -1  90.00128   0.02469     0.038
  1  0  0 -2  1  90.00062   0.00485     3.574
  1  0  0 -1 -1  90.00128   0.45276     0.075
  1  0  0 -1  1 270.00061   0.08508     0.074
  1  0  0  0 -3  90.00067   0.00012     0.037
  1  0  0  0 -1  90.00001   0.02809    18.613
  1  0  0  0  0 180.00000   0.00025     0.075
  1  0  0  0  1  90.00050   0.00390     0.037
  1  0  0  1 -3 270.00037   0.00108     0.073
  1  0  0  1 -1 270.00126   0.45648     0.076
  1  0  0  1  1  90.00024   0.00025     0.025
  1  0  0  2 -3 270.00280   0.00004     2.582
  1  0  0  2 -1 270.00126   0.02488     0.038
  1  0  0  2  1  90.00000   0.00002     0.019
  1  0  0  3 -1 270.00126   0.00153     0.025
  1  0  0  3  1 270.00000   0.00002     0.015
  1  0  0  4 -1 270.00126   0.00010     0.019
  1  0  1 -3 -1  90.00127   0.00003     0.026
  1  0  1 -2 -1  90.00134   0.00027     0.039
  1  0  1 -2  1  90.00072   0.00005     0.781
  1  0  1 -1 -1  90.00143   0.00218     0.081
  1  0  1 -1  1 270.00084   0.00025     0.069
  1  0  1  0 -1  90.00080   0.00024     1.057
  1  0  1  0  1  90.00064   0.00015     0.036
  1  0  1  1 -1  90.00116   0.00279     0.070
  1  0  1  2 -1  90.00121   0.00028     0.036
  1  0  1  3 -1  90.00127   0.00002     0.025
  1  0  2 -1 -1  90.00147   0.00003     0.088
  1  0  2  1 -1  90.00120   0.00003     0.066
  1  1 -1  0 -1  90.00080   0.00002     0.088
  1  1  0 -2 -1  90.00180   0.00003     0.070
  1  1  0 -1 -1 269.99953   0.00006     1.063
  1  1  0 -1  1  90.00072   0.00002     0.039
  1  1  0  0 -1  90.00088   0.00299     0.081
  1  1  0  0  1  90.00051   0.00002     0.026
  1  1  0  1 -1  90.00104   0.00031     0.039
  1  1  0  2 -1  90.00090   0.00002     0.026
  1  1  1  0 -1 270.00058   0.00059     0.075
  1  1  1  1 -1 270.00085   0.00005     0.038
  1  2 -2 -1 -1 270.00041   0.00007     0.106
  1  2 -2  0 -1 270.00093   0.00036     0.044
  1  2 -2  1 -1 270.00094   0.00003     0.028
  1  2 -1 -2 -1 270.00281   0.00008     0.354
  1  2 -1 -2  1 270.00059   0.00003     0.042
  1  2 -1 -1 -1 270.00042   0.00218     0.096
  1  2 -1 -1  1 270.00039   0.00006     0.027
  1  2 -1  0 -1 270.00092   0.00745     0.042
  1  2 -1  0  1 270.00000   0.00002     0.020
  1  2 -1  1 -1 270.00105   0.00075     0.027
  1  2 -1  2 -1 270.00112   0.00007     0.020
  1  2  0 -4 -1 270.00148   0.00004     0.035
  1  2  0 -3 -1 270.00168   0.00042     0.066
  1  2  0 -3  1  90.00024   0.00006     0.085
  1  2  0 -2 -3 270.00122   0.00002     0.035
  1  2  0 -2 -1 270.00300   0.00177     0.547
  1  2  0 -2  1 270.00064   0.00078     0.040
  1  2  0 -1 -3 270.00120   0.00018     0.065
  1  2  0 -1 -1 270.00043   0.05343     0.088
  1  2  0 -1  1 270.00062   0.00059     0.026
  1  2  0  0 -1 270.00092   0.10689     0.041
  1  2  0  0  1 270.00095   0.00002     0.019
  1  2  0  1 -3  90.00107   0.00010     0.090
  1  2  0  1 -1 270.00105   0.00992     0.026
  1  2  0  2 -1 270.00111   0.00084     0.020
  1  2  0  3 -1 270.00115   0.00007     0.016
  1  2  1 -2 -1  90.00072   0.00002     1.208
  1  2  1 -1 -1  90.00008   0.00016     0.080
  1  2  1  0 -1  90.00092   0.00115     0.039
  1  2  1  1 -1  90.00104   0.00016     0.026
  1  2  2 -1 -1  90.00033   0.00005     0.074
  1  3  0 -1 -1  90.00070   0.00012     0.042
  1  3  0  0 -1 270.00096   0.00007     0.027
  1  4 -1 -2 -1 270.00042   0.00006     0.046
  1  4 -1 -1 -1 270.00078   0.00020     0.028
  1  4 -1  0 -1 270.00093   0.00011     0.021
  1  4  0 -2 -1 270.00042   0.00063     0.044
  1  4  0 -1 -1 270.00078   0.00176     0.028
  1  4  0  0 -1 270.00093   0.00084     0.020
  1  4  0  1 -1 270.00105   0.00013     0.016
  1  4  1 -1 -1  90.00094   0.00003     0.027
  1  6  0 -2 -1 270.00070   0.00003     0.021
  1  6  0 -1 -1 270.00094   0.00002     0.016
  2 -2  0 -1 -2 270.00000   0.00005     0.026
  2 -2  0 -1  0  90.00000   0.00009     0.089
  2 -2  0  0 -2 270.00000   0.00047     0.040
  2 -2  0  0  0  90.00000   0.00004     0.500
  2 -2  0  1 -2 270.00000   0.00019     0.086
  2 -2  1  0 -2 270.00000   0.00004     0.042
  2  0 -1  0  0  90.00000   0.00002     0.039
  2  0  0 -2 -2 270.00000   0.00012     0.038
  2  0  0 -2  0 270.00000   0.00005     4.424
  2  0  0 -1 -2 270.00000   0.00219     0.075
  2  0  0 -1  0  90.00000   0.00077     0.074
  2  0  0  0 -2 270.00000   0.00028     9.307
  2  0  0  0 -1   0.00000   0.00003     0.075
  2  0  0  0  0  90.00000   0.00448     0.037
  2  0  0  1 -2  90.00000   0.00223     0.076
  2  0  0  1  0  90.00000   0.00050     0.025
  2  0  0  2 -2  90.00000   0.00012     0.038
  2  0  0  2  0  90.00000   0.00006     0.019
  2  1  0  0 -2 270.00000   0.00002     0.082
  2  1  0  0  0  90.00000   0.00003     0.026
  2  1  1  0 -2  90.00000   0.00004     0.075
  2  2 -1  0 -2  90.00000   0.00004     0.042
  2  2  0 -1 -2  90.00000   0.00032     0.088
  2  2  0 -1  0  90.00000   0.00009     0.026
  2  2  0  0 -2  90.00000   0.00056     0.041
  2  2  0  0  0  90.00000   0.00005     0.019
  2  2  0  1 -2  90.00000   0.00005     0.026
