EARTH FIGURE PERTURBATIONS. LONGITUDE/T
  1 -2  0  0 -1 180.00000   0.00003     0.040
  1 -2  0  0  1 180.00000   0.00002     0.487
  1 -2  0  1 -1 180.00000   0.00002     0.087
  1  0  0 -2 -1 180.00000   0.00001     0.038
  1  0  0 -1 -1 180.00000   0.00021     0.075
  1  0  0 -1  1 180.00000   0.00002     0.074
  1  0  0  0 -1 180.00000   0.00300    18.613
  1  0  0  0  1 180.00000   0.00015     0.037
  1  0  0  1 -1 180.00000   0.00021     0.076
  1  0  0  1  1 180.00000   0.00002     0.025
  1  0  0  2 -1 180.00000   0.00002     0.038
  1  2  0 -1 -1 180.00000   0.00003     0.088
  1  2  0  0 -1 180.00000   0.00004     0.041
  2  0  0  0 -2   0.00000   0.00004     9.307
