EARTH FIGURE PERTURBATIONS. LATITUDE/T
  1 -2  0  0  0 180.00000   0.00012     0.088
  1 -2  0  1  0 180.00000   0.00003     0.530
  1  0  0 -1 -2 180.00000   0.00001     0.037
  1  0  0 -1  0 180.00000   0.00019     8.847
  1  0  0  0 -2 180.00000   0.00014     0.074
  1  0  0  0  0   0.00000   0.00342     0.075
  1  0  0  1  0   0.00000   0.00018     0.038
  1  0  0  2  0   0.00000   0.00001     0.025
  1  2  0 -1  0   0.00000   0.00004     0.040
  1  2  0  0  0   0.00000   0.00002     0.026
  2  0  0  0 -1 180.00000   0.00009     0.075
