1
10
Moho
5263138304
0.2
7
15
70
3.14
250000
168.60938
1210000.0
9646663.0
BurlyWood 

2
10
Eve
9832684544
0.01
2.1
0
15
3.14
700000
8171.7302
432.000.00
84159271
DarkMagenta 

201
2
Gilly
31500000
0.55
12
10
80
0.9
13000
0.0082894498
28255.000
126123.27 
PeachPuff 

3 
10 
Kerbin 
13599840256 
0 
0 
0 
0 
3.14 
600000 
3531.5984 
21549.425 
84159271
DodgerBlue 

301
3
Mun
12000000
0
0
0
0
1.7
200000
65.138398
138984.38
2429559.6
Gray 

302
3
Minmus
47000000
0
6
38
78
0.9
60000
17.658
40400.000
2247428.8
Aquamarine 

4
10
Duna
20726155264
0.051
0.06
0
135.5
3.14
320000
301.36321
65517.859
47921949
Maroon 

401
4
Ike
3200000
0.03
0.2
0
0
1.7
130000
18.568369
65517.862
1049598.9
SlateGray 

5
10
Dres
40839348203
0.145
5
90
280
3.14
138000
21.484489
34800.000
32832840
DimGray 

6
10
Jool
68773560320
0.05
1.304
0
52
0.1
6000000
2825280
36000.000
2455985200
LimeGreen 

601
6
Laythe
27184000
0
0
0
0
3.14
500000
1962
52980.879
3723645.8
MidnightBlue

602
6
Vall
43152000
0
0
0
0
0.9
300000
207.4815
105962.09
2406401.4
CadetBlue

603
6
Tylo
68500000
0
0.025
0
0
3.14
600000
4882.08384
211926.36
10856518
Silver 

604
6
Bop
128500000
0.235
15
25
10
0.9
65000
24.868349
544507.43
1221060.9
RosyBrown

605
6
Pol
179890000
0.171
4.25
15
2
0.9
44000
0.72170208
901902.62
1042138.9
DarkKhaki 

7
10
Eeloo
90118820000
0.26
6.15
260
50
3.14
210000
74.410815
19460.000
119082940
AliceBlue

